10
10 10
2818682472
6568657182
9977999522
6114642858
7113656334
3229916655
7167398453
1111373676
8779647392
7791228143
10 10
1232946371
8383927626
5715734315
4864765363
2439431183
5473623753
3896262595
7869719518
5392634898
9248634771
10 10
3288936885
4171313473
9623273338
4379841536
9464565592
7857864984
7962736776
1496723979
1283848335
4721983337
10 10
8317757754
6352446946
4724589513
2839373945
1856987381
9951388336
3343941242
6299797225
9855653253
7758833844
10 10
7857714423
7229472497
6449322573
6511958371
5494139266
8991829947
3991866683
4143543238
7286946849
3472437763
10 10
9141164477
9467752333
1665577153
1212327432
8232786617
6819336718
8288317829
7891948696
1551451712
6834432211
10 10
8885688225
7279983763
8988129919
9958284195
3541418472
6414984874
6538137434
6387315249
1832937385
7497379919
10 10
3439139321
2383483181
3359176744
5475357979
1926232411
2436111762
8166561246
8239742951
7647128164
3526149853
10 10
2444197189
1562263749
8447721776
7979378854
7561654918
6829698445
9844779354
6999135425
2712448289
7578755657
10 10
7974857188
3844755571
4261913368
7172536243
7618774198
1194164267
7482534945
2892766143
8535638125
7863985276
