5
10 10
1934567891
5912345679
5912345679
5912345679
5912345679
5912345679
5912345679
5912345679
5912345679
5912345679
10 10
1234567891
5912345679
5912345679
5912345679
5912345679
5912345679
5912345679
5912345679
5912345679
5912345679
10 10
1234567891
5912395679
5912395679
5912395679
5912395679
5912395679
5912395679
5912395679
5912395679
5912395679
10 10
1234567891
5919395679
5919395679
5919395679
5919395679
5919395679
5919395679
5919395679
5919395679
5919395679
10 10
9121212121
9999121212
9559451455
5559444142
4449777777
9991996666
7977777777
9996666666
1911111222
2922222111
