10
3
563 372 415
574 656 852
298 691 637
583 158
106 800 971
754 147
393 94 281
756 191
5
637 330 710 419 508
955 869 316 902 -1
944 708 -1 522 24
715 283 259 709 295
800 3 202 333 65
942 442 789 337
898 777 236 518 339
760 730 989 252
603 128 999 511 648
423 468 175 806
103 646 603 446 630
379 852 178 452
713 145 940 34 407
842 112 706 347
18
747 159 660 549 992 4 329 152 869 737 430 184 -1 704 245 174 381 883
471 770 314 862 132 -1 193 445 134 287 38 561 953 418 195 166 86 -1
566 187 978 519 931 1 314 239 -1 425 950 645 597 308 657 -1 944 393
150 531 -1 129 338 126 686 658 716 422 248 727 42 333 791 670 890 -1
390 -1 57 982 500 -1 106 646 51 979 630 303 110 997 -1 249 -1 963
890 113 897 737 820 721 43 457 -1 532 636 130 -1 893 156 -1 801 368
731 814 -1 516 824 373 248 949 354 -1 335 823 150 -1 6 668 -1 -1
888 837 956 -1 315 648 782 780 474 935 478 797 779 527 267 -1 100 100
978 72 161 30 -1 896 -1 933 328 -1 97 450 770 644 316 780 672 713
-1 53 -1 245 706 421 755 87 238 394 647 299 -1 289 -1 233 762 -1
757 -1 695 753 -1 88 992 571 953 111 813 634 -1 803 7 319 86 983
379 517 673 904 875 489 431 846 809 259 489 409 833 762 583 533 711 635
287 950 708 300 660 712 174 950 904 322 758 164 338 389 810 -1 -1 172
180 78 687 910 508 179 339 26 790 466 366 667 -1 453 -1 906 707 847
256 39 957 452 16 392 743 152 809 359 535 647 674 447 608 975 553 225
-1 602 575 233 740 832 -1 40 520 -1 105 240 408 217 681 102 47 124
4 439 721 880 319 165 278 755 16 905 771 -1 675 724 811 779 693 -1
841 521 805 10 570 39 466 87 846 710 462 389 220 392 479 -1 63 969
705 870 853 241 580 195 347 196 254 933 982 446 734 215 129 766 719
638 888 101 490 551 700 688 953 752 854 385 861 882 652 417 112 192 134
629 794 703 105 771 98 159 515 922 287 403 267 527 272 703 684 651
657 15 777 103 436 338 804 198 678 780 45 968 100 674 126 663 55 687
521 503 917 347 555 2 178 137 239 429 42 326 476 456 369 243 303
288 274 328 472 858 706 847 256 714 809 690 757 813 614 654 122 183 302
682 481 991 329 893 385 647 103 790 610 446 737 197 562 296 981 781
319 584 962 163 515 578 732 228 610 442 487 550 99 335 711 9 251 717
716 781 353 55 283 510 607 125 360 953 40 116 241 637 80 240 877
867 761 609 96 889 51 269 812 988 91 173 433 325 124 294 575 242 420
772 132 534 539 832 228 718 478 135 236 600 991 384 394 271 662 558
688 966 349 79 906 163 425 450 471 627 439 616 422 447 934 15 272 168
756 510 545 729 570 600 879 607 985 333 294 955 363 330 236 530 803
79 239 209 229 112 460 315 467 101 776 449 905 26 752 809 853 726 2
711 714 715 246 168 74 390 243 506 250 832 805 457 116 638 249 712
735 748 889 101 964 953 968 537 741 585 592 920 63 929 624 6 263 244
738 398 168 144 219 739 257 708 19 293 98 833 33 305 745 517 370
309 568 694 428 511 557 744 503 365 570 75 284 517 827 142 373 750 782
172 938 975 316 491 544 482 837 158 67 517 276 479 506 261 463 482
377 942 727 409 257 449 308 618 835 331 691 942 583 574 50 445 565 906
460 173 981 271 566 442 950 877 552 435 809 783 561 479 445 288 537
332 565 144 555 271 561 12 673 118 166 269 302 74 741 203 849 290 861
754 372 590 771 770 855 459 719 600 13 582 801 973 814 534 259 408
343 658 140 470 338 247 319 637 740 60 906 372 947 2 25 869 117 329
729 30 933 430 522 380 377 859 360 97 479 866 286 298 244 265 256
679 137 405 548 631 650 397 808 430 983 399 140 576 243 162 773 785 939
501 593 874 173 682 628 583 723 926 960 939 501 709 773 818 1000 163
707 127 544 538 57 172 350 179 176 593 503 2 430 678 900 933 302 9
648 908 289 29 476 90 249 776 212 416 726 614 703 549 471 966 213
931 494 265 70 976 950 761 419 961 548 463 187 408 309 91 362 463 790
347 174 467 565 548 690 871 901 387 327 865 359 636 746 208 378 2
165 395 916 746 264 656 512 469 825 127 921 664 18 90 538 880 996 407
789 648 367 353 278 156 788 539 302 731 162 788 386 749 127 527 869
605 969 234 434 382 802 983 568 579 335 935 578 840 346 919 738 165 459
543 256 496 157 1000 101 316 492 14 568 906 46 637 591 553 603 234
2
498 393
970 385
989
504 27
355
11
295 28 649 468 -1 -1 467 979 375 951 618
-1 562 863 -1 312 158 994 434 304 -1 -1
400 820 707 307 633 656 44 439 174 441 701
410 278 -1 510 21 159 -1 154 91 483 529
333 747 690 958 60 79 728 102 855 209 211
-1 154 39 597 57 -1 533 932 454 401 110
595 720 282 652 180 160 984 883 38 459 790
732 524 30 608 987 644 647 793 53 780 834
562 650 653 653 480 864 56 803 496 397 388
-1 168 856 168 451 481 90 378 870 889 368
945 491 -1 14 -1 489 643 891 705 880 846
266 229 433 383 926 848 964 76 528 447
840 831 821 979 862 379 866 817 219 460 653
890 47 638 968 165 838 234 666 798 61
395 269 847 381 615 213 424 521 483 509 283
347 606 504 953 419 163 357 776 399 434
200 922 166 408 229 498 173 928 535 560 415
331 81 826 538 812 28 39 176 200 230
306 14 535 810 773 243 54 464 866 486 627
985 235 592 609 9 302 767 796 782 962
7 802 330 372 100 924 599 976 429 200 113
83 407 139 568 412 229 288 468 393 129
951 911 911 291 752 653 906 807 427 211 368
537 28 564 190 295 476 130 536 91 569
762 735 868 302 442 960 294 332 607 103 931
75 74 327 165 75 696 349 199 352 180
451 234 787 722 576 854 158 419 574 446 318
946 672 661 416 498 194 344 152 524 269
283 611 641 588 783 643 759 424 89 545 110
335 918 636 554 377 682 928 480 130 763
82 136 136 514 590 791 128 360 781 222 507
845 495 250 469 307 66 721 608 538 870
8
900 690 514 492 178 606 38 797
63 322 -1 430 935 200 920 781
668 994 840 347 920 555 316 492
-1 396 -1 -1 445 654 488 697
600 35 65 531 72 445 851 463
296 108 338 103 838 -1 -1 701
297 341 406 -1 324 419 351 466
217 -1 989 464 914 -1 88 659
785 234 501 826 889 572 47
118 174 733 44 334 455 229 379
1 62 336 907 294 422 948
268 676 797 361 738 440 258 880
640 855 160 256 938 846 3
923 744 922 78 301 194 256 419
621 786 252 406 263 586 102
376 768 797 735 284 741 198 161
921 315 285 752 604 39 666
844 508 191 95 84 949 383 234
770 995 63 889 633 416 183
454 584 690 855 940 302 280 712
694 745 50 138 312 194 562
33 892 602 605 606 996 422 933
97 165 599 918 685 126 693
16
467 789 -1 153 80 547 850 273 77 328 164 827 808 649 442 679
488 557 555 686 952 692 639 646 225 979 841 540 955 429 825 100
-1 347 467 -1 74 210 884 187 165 390 797 675 245 817 506 761
172 -1 -1 507 951 221 815 920 798 549 -1 189 395 416 607 -1
563 388 836 402 285 997 623 770 878 94 770 995 624 616 180 475
-1 855 415 91 664 109 799 218 147 568 992 212 19 514 649 905
681 426 427 -1 227 206 828 992 748 548 579 962 -1 161 698 893
231 369 935 434 372 491 994 679 140 448 838 927 859 448 398 288
532 325 430 70 196 70 854 476 658 55 929 979 -1 -1 163 -1
781 330 421 435 907 162 934 105 216 478 -1 166 250 377 84 460
988 444 828 851 61 91 532 808 777 402 892 780 919 685 448 -1
876 379 436 494 904 755 469 -1 513 296 748 580 20 941 462 413
313 435 834 958 386 714 577 983 93 464 683 255 115 691 573 347
80 -1 836 370 101 -1 198 833 51 12 207 357 97 137 541 -1
498 110 427 902 79 273 740 434 385 734 117 846 -1 963 666 35
48 737 856 923 962 464 388 349 86 284 347 149 536 340 778 996
478 881 410 374 760 149 733 318 456 639 19 83 51 399 779
640 907 503 962 896 257 556 842 585 343 66 597 665 561 404 898
982 194 372 293 547 387 173 686 466 827 221 85 625 380 110
165 169 654 931 675 75 166 600 420 821 551 529 124 847 206 366
822 649 743 43 127 703 296 242 679 826 690 556 981 829 48
646 224 751 722 416 254 885 491 840 745 935 246 15 719 916 997
268 555 812 852 685 706 792 761 445 879 904 742 943 415 516
794 59 724 831 941 831 516 963 714 304 72 297 195 940 332 301
56 151 189 41 619 602 33 986 402 626 467 652 881 548 316
362 35 114 726 635 349 243 964 214 417 197 951 301 827 355 587
568 678 608 833 55 500 238 608 497 610 511 455 604 154 33
759 540 108 463 782 462 610 450 405 510 250 764 97 300 248 902
211 19 521 668 129 150 297 238 873 269 404 690 855 388 389
978 319 528 573 977 591 532 767 118 715 632 887 568 86 476 979
715 210 29 57 139 383 695 567 934 167 857 62 579 196 413
529 192 183 939 639 406 591 17 573 270 486 533 117 899 923 339
671 262 319 897 679 488 323 988 17 149 900 553 667 586 659
881 136 82 285 198 425 569 630 243 303 254 148 242 763 299 82
90 304 387 368 451 113 864 850 29 550 195 768 834 917 277
443 429 534 356 71 558 941 654 242 880 110 72 758 532 296 500
677 551 526 683 771 898 83 660 837 853 237 463 21 785 405
70 941 559 612 272 146 932 167 763 483 661 21 16 96 848 252
297 952 70 912 777 526 955 901 865 23 209 431 713 588 995
226 732 796 572 736 811 964 606 978 802 348 817 598 952 618 700
265 374 462 869 790 233 481 624 763 456 309 563 773 833 8
716 136 116 597 392 96 6 449 574 136 71 591 243 380 482 528
49 707 922 748 583 220 539 558 334 638 302 314 195 251 507
172 126 316 282 959 592 14 935 431 476 413 187 647 713 698 313
937 969 390 681 80 355 955 29 851 435 568 573 232 752 739
134 36 744 937 551 860 794 974 671 125 410 903 355 638 615 440
25 251 97 185 800 875 267 800 943 955 767 281 221 652 636
19
912 606 252 1000 759 78 587 333 477 898 991 889 676 831 916 448 -1 288 79
972 590 478 922 936 371 330 580 448 563 500 677 726 633 -1 710 603 833 324
772 469 896 134 698 -1 -1 525 459 541 374 634 436 880 567 501 707 474 762
567 77 311 852 984 89 918 744 -1 624 419 856 281 61 626 715 177 516 910
864 243 850 589 546 481 202 330 969 361 751 669 -1 677 904 744 382 232 211
440 635 662 808 842 269 161 83 15 788 100 207 896 385 996 708 510 759 514
-1 -1 684 85 961 643 538 96 981 225 390 828 740 767 950 881 879 902 50
382 96 365 999 169 -1 995 838 943 194 812 639 414 852 160 235 178 109 601
478 337 573 599 538 392 7 509 37 20 862 7 482 -1 767 254 742 426 810
155 482 989 608 824 33 253 847 -1 62 786 -1 988 205 629 811 -1 320 226
225 670 32 464 656 2 565 61 809 296 859 227 398 950 821 363 475 674 45
-1 154 984 758 52 738 377 479 970 -1 876 -1 964 -1 832 782 41 467 979
978 996 589 589 750 -1 21 949 763 160 487 163 444 777 272 50 776 681 722
590 274 812 599 13 684 399 602 89 806 504 258 508 97 -1 -1 649 753 550
882 380 489 -1 969 67 915 203 204 592 541 141 262 1 186 -1 -1 240 336
188 -1 462 698 206 634 430 417 411 256 806 252 258 -1 253 578 10 -1 -1
641 -1 948 382 650 480 959 59 1 -1 522 564 743 697 737 581 882 507 67
431 722 99 294 57 388 983 863 955 477 965 961 -1 808 60 108 881 812 149
373 836 -1 194 899 185 840 920 369 581 411 888 715 250 722 80 400 133 373
405 57 258 603 415 234 170 791 733 838 218 688 426 58 250 520 717 241
159 324 532 865 767 876 38 70 495 537 599 136 795 27 220 143 692 797 597
45 679 681 138 300 603 543 354 10 40 755 967 382 79 208 475 928 372
334 96 812 334 260 614 783 647 353 117 899 68 793 707 142 28 478 596 285
751 406 39 299 568 259 308 68 226 501 673 769 398 584 794 744 588 932
129 91 423 797 884 656 820 278 27 884 506 691 392 626 252 773 101 657 730
216 839 782 718 301 568 688 752 886 123 808 558 388 324 429 789 646 346
412 936 497 128 387 313 632 432 30 448 599 928 533 128 759 87 297 633 575
359 144 188 748 11 650 493 552 97 255 480 56 253 197 337 253 441 390
654 934 50 457 779 410 32 922 335 940 383 457 133 33 109 846 167 838 597
223 626 288 21 830 488 775 735 604 927 586 626 331 829 548 695 915 433
471 851 388 671 158 436 527 579 953 94 192 90 563 934 226 43 767 942 968
92 827 304 213 669 849 441 652 5 807 41 124 75 833 761 510 998 610
553 848 926 439 395 237 296 19 822 551 637 818 889 814 213 173 439 657 564
206 634 199 118 602 331 450 997 938 550 443 525 867 171 949 329 406 709
859 264 602 665 270 63 571 848 932 642 999 852 907 374 58 860 132 796 330
44 162 603 439 823 878 499 266 336 78 129 630 309 922 621 903 215 663
790 297 524 217 912 312 53 774 144 408 972 992 755 709 631 885 553 980 295
538 61 525 170 391 777 576 675 393 173 580 239 748 253 235 629 244 44
394 146 730 655 38 342 823 335 830 485 847 842 933 226 281 786 388 90 738
24 97 482 739 712 821 801 302 193 982 480 179 272 912 13 398 102 513
865 83 498 328 72 431 520 177 752 756 174 355 310 427 181 359 799 604 607
247 859 589 739 961 591 23 274 382 652 972 13 831 654 469 876 587 860
309 972 688 667 567 672 757 570 943 999 673 691 41 684 696 58 50 610 804
721 547 250 112 2 559 70 583 656 394 503 792 727 455 157 890 933 819
41 170 237 242 404 926 440 153 150 629 483 98 486 771 882 314 500 331 928
435 286 554 161 453 916 679 380 413 661 615 987 711 775 43 522 581 712
20 225 529 719 727 962 411 34 687 5 639 527 691 63 568 533 118 324 463
182 340 942 242 632 972 242 126 707 810 125 117 799 784 832 244 774 750
682 970 678 464 638 471 403 479 243 965 593 329 642 908 498 708 849 689 482
145 521 780 816 75 679 702 140 696 896 680 220 732 539 401 600 162 394
932 985 231 714 431 813 432 885 600 702 731 649 874 517 843 632 417 44 504
975 334 302 487 572 457 624 800 964 754 938 883 584 479 239 134 995 475
654 714 906 634 646 354 871 103 74 833 421 277 875 729 808 234 896 107 136
183 456 847 311 947 981 978 16 514 376 775 30 64 754 240 838 257 552
347 643 593 604 693 495 762 51 476 281 954 12 726 566 677 857 821 3 330
631 55 230 852 419 828 855 145 772 442 76 254 299 30 652 922 19 208
14
913 -1 45 -1 929 138 63 825 735 196 859 821 566 151
659 634 156 -1 530 180 805 400 524 363 274 786 877 2
592 394 225 843 394 799 919 43 840 820 415 430 377 634
547 -1 680 398 731 978 314 70 671 -1 -1 308 542 535
282 684 87 977 839 277 819 -1 135 -1 253 229 382 83
-1 498 371 1 348 -1 550 194 947 521 292 446 625 -1
478 153 28 698 794 128 278 293 834 -1 988 482 797 93
655 346 175 -1 225 496 763 223 977 291 390 84 449 172
729 664 645 546 666 761 755 195 194 105 406 766 124 661
-1 800 -1 217 70 309 190 405 562 88 571 828 859 897
624 728 195 708 149 442 546 159 329 964 633 -1 845 594
375 657 931 342 553 822 147 963 963 840 848 808 618 865
-1 888 -1 770 249 753 216 262 777 278 451 760 69 678
352 -1 490 376 565 614 341 393 270 415 243 818 -1 450
818 56 524 524 510 852 76 746 673 680 890 86 380
614 136 947 831 760 931 311 862 761 472 371 920 263 852
390 683 121 12 438 358 371 637 420 272 73 296 276
443 679 871 977 744 344 631 188 322 434 14 968 479 695
273 643 669 153 356 173 810 179 86 241 574 598 16
144 435 288 68 967 11 157 393 571 988 113 842 689 835
295 645 209 969 114 135 535 535 250 119 519 996 550
728 15 821 761 970 321 144 17 353 439 656 876 505 378
831 913 579 522 441 537 387 781 733 738 920 959 60
150 659 839 708 75 405 53 260 349 596 701 418 321 534
14 992 153 37 717 64 376 346 713 833 867 969 699
728 873 1000 914 866 834 618 929 868 431 344 634 805 312
962 808 468 965 900 603 549 763 394 320 601 921 966
166 500 23 798 448 654 101 759 641 564 790 182 991 120
190 29 486 418 516 47 367 155 106 620 600 644 948
218 30 769 829 938 612 679 640 780 88 691 553 430 874
548 901 647 671 517 507 22 696 537 688 709 285 826
301 879 972 427 283 842 712 266 361 874 749 231 849 788
413 698 184 828 330 861 272 97 874 595 526 912 498
793 447 357 828 222 449 71 816 709 121 504 163 511 889
884 222 32 85 594 511 136 510 172 57 867 505 904
314 670 751 971 906 300 198 767 810 736 150 480 253 492
224 332 847 989 60 631 166 20 278 633 232 546 700
488 515 249 707 617 648 641 948 734 716 181 62 690 765
370 843 459 742 967 563 761 215 450 33 167 592 121
114 494 205 624 303 686 60 751 652 555 219 805 296 340
173 929 738 939 37 357 331 815 778 207 565 205 826
9
438 964 -1 88 -1 107 915 -1 638
242 -1 232 760 453 781 851 551 609
548 -1 912 242 -1 968 930 389 841
525 684 793 537 287 728 383 593 250
92 83 407 929 234 -1 717 962 881
697 -1 775 931 580 786 86 500 -1
426 433 598 620 390 685 803 57 10
810 590 123 899 181 -1 31 425 799
792 202 674 237 200 677 326 55 208
342 163 931 174 947 325 869 810
846 593 562 105 628 569 206 85 96
528 953 683 729 104 527 664 505
91 244 974 348 914 462 954 227 365
969 20 193 607 718 834 654 432
824 39 564 620 264 99 721 216 954
34 910 194 138 36 839 714 883
488 379 600 857 555 850 251 219 392
782 37 594 925 523 681 389 225
732 238 295 900 683 1000 800 424 174
609 960 901 584 844 929 378 314
754 17 870 36 791 409 89 559 300
401 622 796 216 786 340 386 794
744 260 648 149 648 139 53 944 786
644 441 492 471 408 219 595 955
215 580 385 398 959 870 433 655 516
352 260 171 253 150 447 780 482
