10
5
644 -1 -1 -1 -1
783 737 -1 775 -1
572 371 -1 872 -1
-1 676 -1 636 -1
-1 -1 -1 -1 264
76 342 80 63
174 179 609 232 530
230 638 740 850
992 845 333 978 694
417 612 122 219
855 153 565 5 286
748 581 213 966
261 619 415 158 803
689 67 527 847
13
-1 -1 487 423 977 484 532 -1 -1 -1 640 738 -1
-1 -1 24 -1 635 198 459 515 592 -1 203 514 -1
-1 -1 -1 -1 -1 -1 -1 214 56 -1 -1 348 639
839 -1 595 788 78 332 143 142 -1 -1 -1 -1 -1
810 -1 325 -1 792 -1 768 615 -1 -1 409 -1 -1
269 378 699 969 -1 -1 -1 612 279 -1 -1 -1 -1
-1 -1 346 624 742 -1 -1 852 214 -1 882 -1 804
221 614 -1 -1 965 -1 -1 -1 493 -1 967 -1 -1
214 617 94 315 -1 -1 360 -1 525 107 -1 -1 -1
188 -1 -1 154 -1 -1 435 172 60 229 19 269 115
-1 506 -1 33 -1 -1 -1 -1 -1 -1 -1 -1 -1
-1 979 -1 -1 651 -1 736 530 753 -1 382 307 -1
-1 -1 9 474 -1 393 -1 912 -1 97 -1 -1 754
781 477 233 45 850 704 483 851 994 300 53 82
997 741 622 735 740 984 66 581 869 874 841 472 845
273 870 484 771 527 766 351 604 667 960 763 581
561 87 535 762 714 174 7 726 796 82 865 817 212
101 44 162 882 350 491 504 795 378 817 514 702
798 918 266 865 555 19 486 703 430 740 19 688 428
457 791 958 631 669 864 49 677 593 831 386 697
410 775 135 10 262 489 21 497 877 421 215 840 308
332 703 516 535 587 845 661 456 220 421 186 724
402 924 927 194 4 699 945 821 499 840 107 555 641
299 451 869 892 976 995 831 107 788 436 882 944
522 785 428 608 158 754 134 815 601 822 81 72 626
533 212 376 479 526 600 387 274 950 772 629 470
797 517 226 651 131 395 814 215 595 517 979 674 693
700 186 612 19 198 112 182 791 805 187 483 873
292 355 719 554 970 673 271 924 263 8 659 768 599
128 244 839 951 259 368 549 821 408 504 976 187
360 196 934 637 485 192 38 872 264 760 615 77 10
737 674 680 341 844 837 738 809 692 962 463 661
985 814 285 826 188 204 103 329 726 934 575 589 219
958 877 557 697 146 250 263 496 96 658 675 717
447 316 668 347 291 266 168 128 835 647 717 308 776
40 71 59 559 499 561 251 857 563 209 953 987
330 490 159 324 931 284 888 7 203 946 183 775 24
907 317 778 579 703 688 843 884 188 671 551 923
9
-1 728 130 838 455 992 192 959 -1
977 -1 12 434 -1 -1 977 175 -1
264 -1 -1 -1 74 616 -1 -1 659
-1 -1 340 -1 -1 209 764 -1 171
106 212 -1 2 196 -1 514 -1 -1
387 -1 856 -1 381 -1 -1 -1 992
-1 427 -1 -1 215 287 -1 -1 326
-1 -1 414 -1 -1 209 -1 -1 765
-1 83 452 -1 596 13 -1 973 690
907 358 435 421 710 565 385 841
878 282 546 965 211 213 218 309 96
543 271 781 961 153 602 7 81
451 539 976 656 820 709 327 315 857
165 821 182 27 930 454 59 962
97 168 458 529 704 139 525 190 485
121 858 928 203 264 330 214 889
472 571 807 213 865 481 76 390 458
356 391 264 212 34 681 658 133
315 675 521 803 18 569 590 926 475
674 454 898 799 122 818 439 509
368 229 610 714 650 499 887 217 266
143 573 992 802 981 437 635 461
521 725 864 550 843 284 102 504 246
130 607 274 1 769 24 354 300
224 413 98 361 182 422 777 520 112
500 32 226 133 997 551 103 341
16
-1 -1 214 -1 757 972 -1 966 -1 -1 740 -1 113 -1 -1 -1
-1 225 606 165 -1 662 -1 742 -1 -1 291 -1 818 756 -1 -1
-1 -1 966 -1 -1 -1 115 -1 -1 843 -1 894 102 -1 982 -1
570 357 -1 -1 -1 -1 365 618 -1 205 -1 852 324 -1 126 488
-1 678 643 531 220 -1 -1 682 -1 591 -1 -1 280 -1 -1 638
-1 330 -1 -1 444 353 -1 -1 142 440 -1 -1 -1 -1 -1 100
-1 -1 51 833 -1 -1 471 -1 -1 973 -1 443 427 87 904 270
-1 -1 -1 -1 -1 -1 -1 184 206 400 471 -1 140 978 924 -1
-1 166 862 -1 144 -1 730 738 -1 96 -1 -1 -1 298 4 871
258 731 -1 -1 213 -1 150 -1 -1 -1 460 -1 -1 538 -1 73
462 440 481 -1 -1 -1 812 -1 -1 -1 491 -1 -1 -1 11 -1
337 -1 -1 636 -1 68 441 -1 -1 -1 -1 793 497 224 914 746
-1 714 913 -1 -1 -1 424 109 -1 740 750 859 -1 981 -1 177
-1 -1 867 -1 -1 250 790 -1 -1 761 -1 -1 891 484 555 723
-1 -1 959 -1 214 518 599 -1 16 477 -1 -1 332 -1 792 212
808 -1 205 -1 -1 257 -1 -1 374 -1 696 -1 -1 125 -1 -1
491 857 333 413 74 811 608 295 705 691 556 645 860 300 864
14 957 376 923 906 710 330 955 323 39 142 344 534 926 556 427
364 681 821 679 590 15 184 922 639 938 934 47 316 201 793
719 645 588 116 967 763 918 407 888 879 701 929 669 917 412 936
46 811 97 174 670 404 182 596 126 956 434 763 701 341 891
961 801 878 12 400 572 745 992 450 707 414 279 99 919 334 350
904 30 921 941 44 109 131 481 13 520 909 446 306 111 75
133 235 174 177 484 999 750 384 289 749 940 557 272 279 9 650
537 902 139 273 319 530 257 59 563 849 338 132 613 654 887
369 718 902 170 982 132 56 76 34 541 723 244 835 280 729 273
534 757 687 617 729 92 678 883 775 754 107 635 883 100 92
885 994 725 469 475 179 229 109 716 806 241 657 512 292 152 101
55 720 230 991 333 376 245 193 257 78 423 444 76 973 137
136 728 48 741 195 638 119 595 548 912 267 560 77 27 626 693
297 491 855 756 744 366 939 477 902 883 670 566 473 602 372
514 181 140 411 158 564 742 742 575 585 240 283 969 943 967 700
195 124 578 490 627 866 862 817 35 244 53 400 825 983 918
292 175 55 414 698 902 635 785 119 558 448 36 390 398 821 154
460 715 616 694 975 619 794 272 270 609 971 586 111 793 675
796 104 828 442 176 197 997 641 852 628 803 830 516 780 111 712
35 228 507 152 899 814 576 658 97 527 804 637 138 989 813
600 95 7 550 848 374 946 371 529 343 158 126 600 212 37 652
500 711 93 586 746 717 95 979 737 403 263 254 946 88 334
845 800 940 458 464 507 611 687 316 740 953 212 309 21 773 930
23 442 427 34 534 146 991 703 630 665 746 245 609 776 787
156 386 953 770 269 551 519 661 764 550 303 551 845 809 644 974
817 715 999 988 7 207 142 123 502 39 31 59 800 401 666
299 169 475 467 646 691 438 467 687 229 121 809 756 834 743 694
746 345 124 512 815 474 572 945 663 320 47 484 459 153 151
77 282 715 533 610 742 810 677 434 147 154 799 808 799 827 179
404 44 922 33 598 737 575 535 538 516 22 949 38 92 397
9
769 -1 41 -1 326 560 -1 -1 355
732 -1 70 790 -1 828 -1 679 -1
-1 864 -1 765 -1 419 446 -1 -1
-1 842 -1 565 472 345 319 -1 814
226 289 329 163 -1 340 -1 746 -1
268 -1 -1 -1 -1 -1 -1 -1 -1
383 605 528 -1 -1 134 56 288 57
747 129 441 -1 610 851 -1 -1 -1
506 716 -1 424 158 660 691 772 -1
872 944 365 250 1000 629 46 696
895 295 429 94 902 81 112 760 7
652 331 230 838 564 803 371 532
301 491 315 684 217 80 411 994 826
797 239 539 108 27 405 693 477
795 936 3 270 814 257 699 4 152
358 217 27 115 408 156 104 430
283 817 413 380 348 764 626 99 180
912 903 151 898 932 256 577 243
521 128 633 331 153 376 24 919 196
604 251 337 212 259 715 723 407
918 59 521 53 516 120 805 657 803
32 537 106 450 631 318 177 54
214 686 36 530 75 291 42 830 419
498 38 290 432 457 614 729 353
417 444 906 308 230 277 331 557 935
90 197 947 334 631 362 865 248
7
856 562 172 -1 855 850 -1
-1 987 -1 831 -1 574 -1
-1 281 -1 56 110 -1 720
-1 -1 -1 326 -1 154 67
383 -1 -1 410 -1 104 171
516 -1 694 207 -1 448 -1
-1 -1 526 612 -1 733 459
53 404 366 725 211 382
618 543 923 607 481 9 429
362 503 417 517 667 319
160 817 790 237 866 976 301
932 50 662 58 613 803
751 93 497 849 209 187 978
842 740 514 323 465 738
255 957 255 123 288 57 201
486 669 972 370 488 206
135 222 84 214 376 302 110
895 174 452 298 178 432
392 512 285 677 824 379 476
420 840 721 986 433 376
19
-1 804 -1 -1 -1 -1 -1 -1 -1 714 -1 792 161 -1 -1 521 -1 863 881
438 -1 -1 -1 300 -1 -1 -1 290 134 -1 -1 -1 -1 -1 752 159 195 -1
694 -1 399 -1 144 785 1000 -1 -1 247 -1 130 -1 226 -1 827 -1 -1 -1
-1 588 91 407 -1 -1 -1 -1 187 -1 -1 -1 914 -1 -1 212 481 195 914
834 -1 -1 -1 -1 -1 -1 404 992 -1 -1 26 602 284 -1 -1 -1 279 243
-1 370 839 974 -1 277 534 -1 662 845 618 -1 362 456 592 -1 -1 398 827
-1 659 -1 -1 -1 826 765 -1 -1 -1 944 -1 -1 -1 248 677 548 414 -1
171 -1 782 -1 410 77 320 -1 889 7 -1 768 138 944 -1 -1 736 395 -1
812 709 -1 -1 -1 279 -1 -1 -1 957 285 -1 -1 -1 555 606 -1 350 -1
843 -1 -1 241 -1 -1 -1 502 608 230 131 368 837 -1 -1 297 -1 974 -1
690 252 -1 -1 -1 -1 -1 -1 796 37 211 -1 589 204 -1 671 -1 448 827
-1 305 -1 407 -1 -1 337 -1 -1 -1 736 -1 -1 -1 -1 -1 622 -1 -1
-1 -1 -1 263 -1 -1 -1 -1 -1 342 726 698 -1 -1 37 109 -1 747 -1
-1 -1 897 911 -1 -1 -1 -1 -1 318 199 -1 260 353 -1 -1 -1 242 577
-1 -1 -1 -1 -1 -1 -1 475 476 -1 -1 -1 865 350 261 -1 -1 -1 -1
544 -1 922 -1 245 982 223 366 43 223 -1 -1 -1 -1 596 -1 247 -1 -1
179 260 -1 984 -1 -1 401 -1 689 -1 415 -1 19 -1 -1 675 634 -1 791
846 -1 228 387 -1 703 -1 -1 -1 249 -1 -1 84 817 -1 -1 -1 -1 195
342 801 60 -1 -1 507 207 729 -1 -1 -1 121 400 -1 -1 -1 760 -1 110
924 461 17 311 285 737 715 249 613 223 230 519 500 431 550 462 572 211
66 720 223 733 443 80 380 860 308 891 104 38 528 452 50 450 887 625 965
38 323 877 434 986 628 72 124 22 383 939 486 729 265 926 183 684 703
403 251 854 76 846 937 815 706 909 76 829 207 222 552 483 221 560 929 984
9 415 262 959 860 905 499 975 155 339 421 424 553 131 507 627 130 814
512 426 636 956 512 857 766 463 803 869 405 318 559 333 338 391 262 345 800
392 940 416 767 188 406 934 925 169 890 555 196 872 359 43 692 901 209
938 301 634 218 548 724 373 926 240 816 728 286 292 70 348 313 47 470 760
516 25 397 791 119 659 710 390 611 985 953 904 258 207 759 913 20 151
818 97 372 895 564 558 522 3 508 964 743 499 469 43 741 272 544 455 22
248 941 222 355 697 846 657 613 526 252 6 558 258 874 887 996 251 796
617 926 271 635 877 720 659 347 569 889 174 98 432 112 516 560 662 882 457
484 301 698 488 85 280 606 69 515 199 266 460 861 364 448 288 751 814
562 857 533 435 241 218 866 193 208 799 13 742 622 34 983 838 291 262 483
203 388 758 803 678 72 966 333 850 442 412 918 449 20 844 22 396 269
496 970 854 57 332 872 687 658 24 654 365 624 871 922 745 436 513 342 805
563 723 591 409 34 533 833 556 668 948 271 454 27 169 307 961 969 198
870 618 698 717 243 829 579 938 362 360 110 394 437 92 235 23 512 590 74
743 855 82 181 891 918 463 157 61 896 113 610 684 418 786 111 568 90
842 199 764 623 665 70 414 107 362 109 784 847 977 463 49 5 699 893 578
641 13 933 774 420 611 476 248 832 48 266 25 316 672 831 371 63 438
345 441 256 791 618 699 12 758 786 781 438 274 89 946 614 115 61 944 610
808 62 306 74 884 688 29 779 641 216 167 479 440 734 648 958 909 848
522 720 41 502 668 535 729 801 321 383 546 972 948 59 72 59 561 890 80
12 384 237 139 854 425 710 825 705 7 141 628 644 841 17 239 761 234
919 144 141 636 130 593 754 506 906 700 107 658 427 75 225 878 635 595 523
340 49 781 482 360 174 271 243 374 717 731 319 699 771 733 414 846 495
368 802 903 489 538 397 31 352 318 114 439 525 131 38 947 49 613 301 161
826 705 644 915 143 605 234 29 938 990 798 84 469 306 767 564 95 61
324 272 449 129 824 310 964 816 494 215 429 763 469 759 738 459 457 475 848
987 522 961 95 334 849 957 427 757 905 112 888 734 723 504 167 623 97
117 220 702 782 853 921 188 947 252 417 449 503 300 188 580 315 701 590 641
426 50 720 830 671 267 831 754 604 703 349 294 980 399 180 349 218 891
762 545 572 106 272 46 103 930 454 277 993 13 627 401 597 825 569 412 825
206 967 656 673 798 133 633 915 924 81 48 782 188 848 396 487 952 489
985 615 70 101 788 908 578 252 196 732 546 567 974 998 578 51 514 281 446
786 604 543 792 811 565 442 990 298 933 633 205 23 153 708 771 716 389
10
-1 371 -1 395 661 -1 -1 602 -1 -1
654 -1 224 273 628 826 -1 367 -1 -1
232 -1 879 -1 -1 842 -1 -1 -1 -1
-1 788 -1 -1 671 257 -1 -1 -1 -1
318 987 678 -1 623 935 -1 -1 903 260
903 -1 503 -1 -1 645 -1 348 -1 713
-1 414 -1 -1 -1 917 140 -1 438 180
-1 980 27 -1 670 787 -1 977 -1 -1
819 677 88 778 395 -1 -1 -1 36 -1
402 -1 497 -1 -1 863 60 817 -1 -1
77 296 696 602 766 170 248 375 197
315 316 774 447 234 707 200 205 522 14
438 613 624 237 504 56 52 331 465
601 809 319 194 546 813 675 322 45 976
683 964 753 213 357 397 598 352 962
516 694 314 207 59 449 772 203 225 190
722 767 512 181 765 420 241 46 313
190 588 890 399 608 859 775 244 297 118
729 598 165 68 961 830 388 756 515
615 46 21 863 425 174 802 926 646 397
134 121 326 915 425 902 425 208 191
645 920 435 74 411 171 731 322 110 806
346 346 931 818 551 132 187 713 772
1 859 82 517 546 408 616 746 698 435
67 237 979 415 989 30 126 24 362
780 901 186 467 831 248 358 907 958 195
901 769 824 207 387 237 682 39 963
270 917 401 299 369 912 387 694 389 382
62 379 500 819 212 795 323 981 33
8
-1 24 -1 7 32 128 -1 738
-1 -1 586 -1 578 -1 804 -1
703 483 65 357 -1 995 948 -1
-1 730 -1 -1 -1 -1 -1 590
291 658 -1 700 379 584 -1 205
163 -1 514 49 -1 -1 -1 -1
-1 -1 -1 -1 713 356 72 -1
-1 958 -1 599 985 -1 -1 -1
718 137 410 943 533 724 972
179 621 759 763 228 870 498 69
918 841 751 273 844 488 736
572 36 491 222 811 899 760 907
688 476 152 52 62 600 558
905 203 976 85 695 913 412 292
746 402 680 319 936 367 892
546 324 726 539 169 257 838 918
279 80 26 412 470 176 312
262 445 144 407 606 231 530 543
493 170 309 671 936 214 165
673 124 874 832 982 614 253 155
560 594 192 388 670 805 56
306 633 705 82 850 485 422 881
508 975 182 697 852 415 167
20
-1 -1 -1 -1 875 -1 -1 -1 -1 -1 342 893 -1 600 -1 546 557 178 918 768
603 -1 -1 -1 434 589 181 -1 -1 -1 -1 986 693 -1 298 -1 -1 -1 -1 701
-1 -1 551 704 269 -1 67 200 -1 -1 172 -1 751 -1 366 -1 -1 984 -1 534
871 -1 -1 881 49 -1 858 -1 -1 -1 572 -1 675 -1 927 -1 803 627 963 -1
739 -1 404 -1 388 935 656 93 -1 741 282 790 341 481 997 -1 930 -1 533 419
-1 564 -1 -1 -1 -1 -1 599 195 642 71 891 -1 -1 -1 505 -1 -1 -1 -1
-1 294 -1 -1 571 88 -1 442 181 -1 -1 779 403 -1 208 -1 -1 174 12 -1
-1 654 914 -1 813 -1 45 -1 434 -1 -1 -1 -1 720 -1 -1 -1 -1 235 -1
68 -1 -1 -1 -1 340 -1 854 -1 710 -1 -1 518 -1 -1 -1 -1 264 -1 -1
-1 -1 38 -1 -1 65 370 -1 -1 -1 -1 -1 197 85 538 222 814 -1 281 -1
-1 731 -1 -1 -1 64 -1 -1 -1 -1 393 -1 977 180 164 -1 517 -1 -1 -1
978 172 968 -1 47 685 -1 -1 -1 -1 26 -1 294 161 -1 -1 429 670 -1 -1
20 301 -1 -1 495 -1 -1 -1 -1 -1 257 -1 265 -1 -1 69 -1 -1 -1 562
246 -1 455 370 -1 -1 -1 366 -1 157 -1 605 -1 269 384 968 -1 120 810 -1
-1 492 -1 583 -1 -1 414 528 -1 545 74 266 -1 436 166 731 74 -1 -1 586
-1 610 -1 -1 -1 -1 -1 713 472 95 -1 -1 -1 116 -1 662 -1 853 868 616
51 -1 694 -1 504 878 -1 608 787 614 41 762 -1 607 -1 -1 -1 452 -1 988
-1 -1 -1 903 -1 840 597 -1 -1 252 714 905 -1 -1 369 208 -1 -1 -1 -1
-1 636 911 -1 -1 834 -1 258 543 253 -1 -1 545 -1 -1 -1 -1 372 -1 -1
-1 264 999 608 -1 -1 -1 -1 -1 804 858 -1 616 -1 541 -1 -1 -1 -1 -1
960 708 509 235 321 178 935 261 481 103 241 462 237 162 396 112 221 834 559
439 962 832 326 917 640 356 891 678 327 528 70 660 334 261 285 979 465 967 609
114 824 214 514 388 664 109 712 73 384 989 346 46 534 680 764 183 872 930
820 998 178 559 126 398 766 493 82 88 700 243 240 219 100 968 468 102 901 991
165 116 283 207 222 609 962 25 331 467 329 350 926 698 946 696 888 916 476
270 901 843 986 713 160 432 2 994 589 212 642 95 659 853 512 179 315 83 904
245 913 798 830 286 386 222 687 378 870 959 307 335 871 166 361 851 798 811
179 155 828 939 787 669 803 214 854 327 1000 292 352 468 659 216 583 817 905 399
40 901 786 502 511 691 120 349 822 533 441 912 942 396 186 68 818 172 229
564 485 555 878 238 845 47 431 116 797 133 620 167 335 864 237 33 734 305 242
704 908 557 52 868 251 119 636 884 683 896 991 326 436 337 993 137 546 382
544 313 653 809 524 48 479 550 94 769 634 618 913 98 81 400 236 716 289 930
859 275 804 616 104 236 620 315 152 535 628 183 134 354 904 469 779 757 470
363 310 278 983 873 273 515 175 212 47 634 61 925 479 15 359 30 899 110 174
129 417 308 235 187 366 683 351 469 588 994 734 890 464 108 894 626 375 502
482 129 986 927 904 993 329 270 537 280 57 675 680 685 128 331 354 532 454 738
342 777 292 1 45 127 644 300 16 676 705 410 169 904 140 942 193 124 737
311 10 26 213 300 538 608 423 802 242 921 221 855 378 246 396 88 148 934 390
687 469 86 213 593 621 537 247 3 763 649 265 52 581 432 521 843 320 836
749 450 713 87 240 861 810 606 985 491 75 941 920 143 374 53 882 570 951 7
890 120 383 839 834 148 390 182 241 846 102 31 583 255 340 55 614 754 933
855 875 98 994 728 257 632 943 245 829 885 437 396 147 160 129 150 477 299 292
801 50 671 54 902 254 488 11 160 999 941 846 572 434 634 499 735 46 300
37 404 173 927 482 524 26 257 644 698 425 120 739 770 692 806 752 722 489 460
382 458 138 124 424 620 167 5 170 316 231 61 860 657 10 619 50 850 879
848 7 638 847 975 687 499 582 827 220 3 706 220 259 891 203 635 578 640 784
707 728 732 574 235 596 349 225 289 342 741 110 739 727 884 117 279 301 263
9 251 709 809 419 392 119 240 129 40 528 621 523 91 32 731 762 880 873 411
891 553 928 925 992 332 735 376 839 494 275 36 229 807 814 404 952 791 369
170 158 117 591 979 297 21 260 817 538 163 195 730 936 989 260 19 131 559 541
949 381 284 461 756 691 643 20 636 293 457 158 271 227 780 156 655 646 242
705 356 550 684 189 629 544 224 724 60 135 492 699 691 692 717 720 828 239 526
400 721 517 60 9 34 839 31 584 160 856 858 559 831 681 987 240 238 409
681 668 492 732 670 830 134 668 415 66 535 716 380 733 819 102 403 139 641 28
767 618 566 721 695 902 647 956 971 711 154 13 725 743 386 294 676 687 186
252 267 142 188 781 15 216 843 515 800 909 804 63 214 680 873 417 872 841 561
547 367 791 21 285 592 939 815 736 975 946 646 132 707 744 500 294 910 155
458 514 478 671 199 38 129 463 96 458 218 71 468 196 318 344 7 267 727 79
731 229 754 385 417 291 839 861 851 321 555 677 992 612 31 81 461 803 883
