10
17
-1 622 196 235 200 594 741 811 -1 92 290 611 276 302 89 805 82
330 72 878 418 289 918 564 680 825 653 48 228 685 343 122 29 812
-1 354 97 330 -1 786 614 398 738 753 518 60 930 211 19 801 885
19 490 458 81 955 40 698 528 426 63 6 966 27 388 -1 -1 731
732 876 364 367 263 357 249 373 493 -1 859 34 303 118 -1 349 928
930 844 670 196 607 351 682 -1 272 791 -1 881 834 422 710 1000 142
939 812 200 430 60 369 75 101 58 744 918 56 345 245 430 687 164
557 388 873 945 641 564 589 352 108 932 983 194 55 537 670 534 387
162 285 555 921 227 581 871 144 398 179 147 694 757 112 958 757 470
787 2 427 570 483 614 46 808 21 685 1000 -1 858 955 183 290 901
516 526 23 901 565 676 511 -1 828 891 111 936 -1 891 637 520 816
366 347 442 243 863 84 107 231 730 730 -1 -1 115 310 851 -1 526
394 515 923 308 204 44 740 174 500 603 652 120 993 174 614 654 815
676 300 821 373 749 302 -1 430 926 115 656 393 816 -1 -1 917 682
616 715 517 31 790 395 275 676 349 -1 936 -1 978 479 55 717 451
986 695 632 653 549 845 992 840 148 436 703 -1 145 532 -1 -1 80
708 259 371 127 900 868 808 847 -1 857 313 559 244 153 852 55 140
158 213 563 42 593 824 755 753 734 12 683 966 64 864 222 787
179 42 102 955 242 160 527 620 236 229 907 194 136 572 766 514 872
797 106 540 143 162 45 607 667 80 435 377 208 542 119 590 363
537 407 59 905 983 723 106 269 488 370 905 264 142 694 38 571 815
685 178 793 674 582 841 201 78 391 485 655 95 217 261 927 973
255 642 51 863 881 76 148 110 61 554 361 846 158 93 271 515 306
647 108 858 863 445 330 185 854 805 916 947 916 917 616 77 187
453 593 218 445 606 474 52 837 463 72 697 561 687 167 999 517 728
636 373 705 856 430 825 936 445 351 938 747 14 521 890 864 192
271 488 162 881 670 994 670 300 804 769 520 176 667 449 565 107 303
458 388 589 957 39 39 468 971 561 277 66 36 234 26 925 209
905 594 675 88 807 204 660 944 531 589 484 833 925 738 895 145 406
992 335 799 340 418 208 63 687 279 834 660 796 230 383 169 669
652 801 166 883 492 738 435 833 530 53 150 66 815 749 336 643 69
523 126 180 121 562 104 664 491 158 552 582 29 320 722 857 128
399 990 347 740 778 33 315 21 792 831 323 694 669 491 952 998 528
651 932 167 177 944 746 153 484 69 894 97 915 952 830 749 601
847 67 356 698 51 787 478 885 349 472 653 867 377 988 290 365 839
801 376 625 421 355 769 847 555 297 142 202 176 243 762 295 578
527 946 269 140 314 59 383 130 198 679 623 253 624 615 999 794 270
289 60 47 543 648 331 863 870 249 707 848 719 605 138 432 376
177 525 522 538 844 664 95 259 351 514 361 35 528 231 639 141 197
277 509 339 83 505 743 546 674 984 533 952 672 298 753 767 620
277 497 592 545 41 93 693 195 833 679 363 493 963 534 960 571 955
86 140 227 621 984 800 336 673 697 893 943 939 548 151 732 564
514 917 281 563 126 34 236 642 143 872 327 382 159 611 760 54 779
311 548 453 856 335 401 303 684 56 959 935 593 828 376 868 719
877 707 598 759 576 23 858 686 732 785 317 910 500 861 967 330 688
176 50 312 508 672 948 488 138 142 248 327 487 161 682 511 83
544 666 116 20 362 417 389 90 522 179 790 958 165 811 332 486 814
926 577 567 981 376 363 20 843 69 469 627 489 114 330 229 937
259 614 29 626 393 255 353 551 859 237 733 524 39 63 601 375 747
513 476 566 389 215 422 729 644 887 299 723 781 194 576 166 1000
17
513 957 -1 223 637 353 892 197 608 978 835 650 91 666 3 739 172
447 349 -1 117 738 946 535 85 68 758 654 749 467 -1 491 965 833
156 898 216 678 955 395 734 814 -1 687 356 558 -1 148 645 562 -1
97 608 339 964 648 254 809 46 472 699 396 21 80 130 12 -1 593
805 70 829 -1 738 955 278 97 630 100 170 287 310 354 373 -1 954
251 -1 428 -1 928 545 513 955 657 57 295 817 897 835 989 584 515
571 689 453 531 670 491 703 791 561 329 13 17 45 729 545 489 853
843 371 566 300 727 910 -1 755 697 358 376 875 189 474 303 222 158
836 -1 408 103 967 780 548 701 838 587 261 -1 351 58 -1 780 526
270 232 634 647 49 213 -1 359 269 269 536 879 992 520 773 398 749
828 92 378 142 15 937 683 -1 -1 -1 367 260 197 128 203 640 270
140 191 804 890 998 624 868 624 57 571 744 -1 467 138 218 43 653
-1 701 -1 56 731 262 607 979 475 987 100 493 99 907 760 58 908
524 623 593 116 564 397 730 270 978 110 126 -1 680 356 725 291 61
451 27 672 233 8 870 41 513 908 -1 780 367 436 458 849 9 573
989 931 173 768 345 43 767 417 324 649 579 202 480 790 807 383 586
842 552 955 207 251 698 488 633 360 600 411 384 692 6 691 612 45
227 492 785 805 272 607 830 249 369 188 394 837 830 332 20 991
339 99 631 781 478 705 432 590 351 869 201 67 148 662 295 694 950
71 835 304 458 50 16 694 484 950 952 948 677 312 240 430 712
894 33 380 995 442 237 624 786 3 764 876 916 172 475 2 359 664
838 5 337 665 706 394 608 851 416 704 51 434 49 934 488 897
305 57 406 409 460 415 650 533 9 434 417 171 714 822 463 237 897
264 804 232 788 324 872 591 472 862 526 465 577 606 125 380 635
197 415 403 450 870 971 64 584 207 482 779 705 761 488 467 347 417
402 986 766 701 253 503 529 743 987 572 467 171 858 333 714 177
235 559 955 874 46 232 123 182 662 275 278 30 443 492 366 133 50
49 344 527 390 438 239 937 987 190 44 805 677 950 206 450 36
743 851 322 350 795 173 401 171 495 930 987 803 488 266 233 43 982
257 669 587 4 761 746 10 168 296 607 191 867 392 887 630 333
339 625 143 167 522 770 189 88 396 428 831 492 39 909 793 740 157
53 478 699 168 534 918 814 895 691 24 432 709 568 339 227 193
229 88 357 224 295 693 876 770 735 247 891 873 599 523 244 865 723
560 690 985 799 139 864 476 964 673 235 847 16 965 564 726 340
476 968 615 715 399 767 240 499 555 897 584 379 905 594 707 622 483
142 719 581 162 354 236 890 202 619 790 705 383 235 968 997 63
881 137 340 92 822 488 244 648 718 785 50 429 255 891 39 866 531
15 649 582 77 885 304 670 221 999 792 197 725 244 130 526 813
411 295 337 400 154 330 876 317 58 670 311 874 615 945 160 301 515
384 858 253 721 719 164 174 605 347 476 297 812 155 705 148 850
810 786 490 267 693 537 832 765 624 287 678 586 752 243 53 72 546
765 834 207 611 555 700 198 14 707 252 13 779 779 198 311 900
665 134 813 270 838 789 254 799 987 927 501 607 857 703 525 483 757
815 342 920 386 461 107 543 131 265 999 623 561 329 505 626 364
458 534 167 4 967 711 739 147 305 852 881 316 232 815 595 394 269
967 602 228 919 606 444 484 569 765 790 936 571 194 791 691 755
140 32 755 736 714 867 776 587 343 159 923 651 365 236 983 661 375
861 474 922 316 972 414 777 492 635 18 744 297 377 20 898 170
527 989 732 46 57 178 989 465 825 233 542 345 394 65 72 680 491
386 791 37 742 158 493 90 971 271 657 898 521 848 463 107 81
20
501 -1 446 999 293 821 310 801 454 82 -1 946 26 -1 211 500 325 110 28 736
345 472 970 14 -1 166 365 991 758 538 848 856 706 976 981 323 77 513 611 410
728 415 457 241 228 -1 743 604 755 321 668 928 730 559 626 590 409 400 828 587
349 161 259 441 -1 58 952 688 971 117 442 907 -1 406 650 -1 848 967 202 111
975 968 127 160 128 -1 -1 894 607 469 610 578 873 195 293 328 88 180 471 787
601 570 127 116 202 22 428 -1 -1 642 646 278 673 -1 655 380 -1 377 523 -1
519 -1 440 360 141 307 -1 774 7 613 17 149 238 615 296 822 568 944 22 711
623 872 390 522 114 771 59 404 -1 12 597 833 395 150 241 -1 -1 737 -1 461
500 26 210 241 337 603 147 792 450 159 72 183 190 455 478 321 880 417 -1 469
34 552 303 690 786 756 318 247 305 -1 505 -1 911 501 291 629 282 867 784 729
-1 -1 451 779 159 761 950 627 946 55 962 232 -1 166 572 284 263 857 -1 821
708 426 267 406 -1 749 753 48 206 87 903 121 887 141 401 620 314 410 538 497
666 -1 959 453 127 561 259 598 487 177 903 306 854 501 860 855 -1 779 21 383
702 69 -1 575 -1 -1 876 364 23 232 925 367 678 987 163 625 198 160 234 768
987 150 452 270 554 620 756 422 447 42 4 384 220 577 916 272 462 358 846 75
604 96 494 523 71 424 52 838 297 587 -1 600 -1 789 443 857 375 918 -1 -1
19 376 411 -1 152 974 808 74 446 975 287 793 165 495 318 289 975 653 -1 10
943 434 428 -1 462 581 771 873 958 664 492 568 -1 -1 748 476 -1 569 388 300
603 393 682 320 163 519 746 363 178 361 -1 372 281 207 593 969 501 -1 -1 -1
186 -1 230 650 434 270 423 642 51 340 -1 421 -1 361 949 135 -1 697 492 632
931 833 919 293 418 647 58 336 384 748 666 543 238 669 307 712 254 224 195
527 177 168 374 654 751 398 531 765 225 359 849 446 573 8 121 174 654 817 434
652 561 715 517 762 691 694 835 462 981 171 184 863 621 556 512 850 482 291
220 82 527 597 116 429 998 630 748 789 967 523 122 123 605 865 600 522 796 319
745 95 717 578 791 7 356 577 860 292 610 362 12 173 933 333 468 984 330
331 492 309 241 538 664 586 438 294 306 863 133 925 528 485 578 832 107 897 23
435 337 111 911 247 625 469 267 137 216 871 896 554 269 726 169 71 569 10
457 155 571 685 817 890 454 313 43 462 565 492 258 782 120 860 405 540 848 272
761 741 213 739 342 81 233 636 666 66 243 903 604 63 298 820 390 621 520
127 533 826 253 623 475 959 492 108 670 431 398 938 705 642 365 427 716 398 683
275 90 708 876 371 6 466 846 460 448 419 762 248 677 749 471 76 923 28
309 795 982 266 868 913 887 477 276 286 408 668 989 818 889 1000 959 687 744 485
275 792 1000 161 920 545 654 889 795 310 971 594 51 825 573 74 150 351 722
542 744 378 777 715 326 420 490 833 540 314 754 32 189 851 219 993 1000 752 568
696 248 18 112 126 430 800 96 863 623 645 720 392 433 476 409 363 76 315
337 629 285 4 495 971 905 142 99 436 808 33 929 93 667 163 981 196 848 33
495 100 733 800 527 941 76 622 286 814 615 153 476 951 318 276 423 770 281
741 171 299 951 311 305 594 509 728 360 327 826 87 131 297 789 656 987 519 706
4 541 409 68 320 184 600 486 932 877 772 753 101 887 3 597 635 872 455
176 813 683 216 466 986 759 882 450 634 592 605 378 903 811 729 392 353 44 139
932 917 735 729 841 388 716 88 310 820 996 314 321 378 397 642 184 543 538
33 993 684 17 838 505 138 339 993 555 16 370 746 551 82 836 261 196 390 88
891 4 278 926 405 982 103 959 744 852 869 772 186 357 100 720 205 78 558
667 171 557 580 962 320 443 585 511 696 837 425 811 182 269 127 121 260 753 904
404 889 488 273 884 184 557 67 658 814 33 791 86 854 361 766 36 772 999
651 660 593 10 964 483 971 837 813 68 381 253 810 896 631 621 631 557 159 337
485 705 643 757 48 105 929 403 30 234 84 759 260 93 473 719 206 101 136
899 887 249 401 75 761 119 342 205 311 890 342 22 654 999 987 658 240 998 17
679 3 297 420 732 631 984 867 900 71 971 592 283 586 893 545 996 854 284
137 594 998 211 525 66 370 61 932 885 139 907 293 420 177 709 943 972 662 618
859 108 414 216 289 914 558 555 237 653 962 608 559 988 108 263 55 937 780
341 172 741 897 836 552 976 559 867 690 789 25 799 958 887 512 293 797 104 812
450 407 368 124 761 415 980 552 425 994 826 69 120 90 323 171 674 146 875
117 728 410 768 330 647 887 327 30 514 452 202 179 564 994 390 951 563 142 129
898 696 635 237 728 557 330 65 400 998 379 685 380 715 719 912 936 899 916
899 480 271 665 876 530 967 954 722 661 871 919 741 850 555 846 111 105 243 583
250 682 450 8 235 108 993 136 499 97 368 998 349 356 749 643 154 654 381
826 935 913 861 32 770 920 142 585 93 228 381 995 328 958 501 197 793 409 79
732 839 674 939 991 369 162 774 2 68 642 837 105 323 71 304 758 811 590
4
228 98 104 777
838 945 836 56
212 322 52 639
325 847 -1 321
194 494 843
883 202 463 196
610 336 826
822 71 702 36
404 238 733
739 464 252 431
582 39 441
19
278 419 59 40 322 436 174 107 -1 749 6 -1 900 414 98 750 269 761 -1
164 466 601 334 568 496 936 427 987 872 357 -1 582 -1 924 365 500 793 65
94 31 277 271 234 693 998 25 282 173 754 163 349 190 297 807 573 753 962
127 322 771 514 248 874 294 908 475 731 -1 557 283 393 854 539 -1 368 135
513 455 110 446 620 962 398 234 879 240 615 308 302 868 859 467 344 326 321
784 116 98 165 39 621 422 -1 13 950 853 -1 -1 -1 954 724 179 766 276
315 453 933 -1 777 58 934 311 563 645 495 855 441 162 887 965 329 37 518
175 741 666 919 79 370 219 865 500 870 613 185 616 574 329 -1 233 256 954
792 109 251 664 536 94 709 484 -1 606 568 349 -1 510 429 631 276 524 534
675 281 104 653 753 541 952 926 890 616 120 -1 521 476 544 64 -1 606 314
350 96 870 762 872 863 445 -1 585 328 395 203 680 108 -1 130 -1 59 204
391 512 239 181 -1 509 173 367 313 406 508 93 600 599 598 777 990 718 532
205 565 310 297 381 287 198 109 625 236 594 183 193 129 -1 403 386 160 168
528 -1 -1 717 163 242 34 984 126 -1 907 238 803 -1 893 313 327 10 530
690 853 178 777 602 296 -1 944 437 803 152 812 841 121 639 -1 827 386 339
323 398 467 -1 678 85 732 228 728 258 849 803 360 361 256 982 256 247 349
-1 878 585 797 493 96 242 243 422 385 659 243 98 850 963 604 119 -1 199
131 843 15 -1 847 345 -1 171 899 405 -1 997 -1 876 616 308 868 217 209
641 167 -1 -1 871 694 72 677 494 714 818 159 862 886 586 109 335 568 892
746 318 506 764 694 390 750 441 361 166 216 201 574 859 719 14 814 506
235 358 850 770 179 352 273 380 421 344 137 836 55 744 143 235 257 689 118
578 195 802 52 861 606 490 300 100 965 918 917 845 840 885 39 284 267
139 853 991 495 938 181 611 256 569 435 347 151 264 323 239 696 65 190 157
971 760 800 225 59 60 876 875 451 805 331 655 37 842 839 723 284 983
1000 244 984 803 616 622 790 972 111 718 461 87 915 751 19 669 289 981 455
173 458 915 501 445 126 557 8 940 40 731 62 294 203 233 230 680 906
629 792 808 279 191 74 105 716 140 22 822 859 172 775 432 144 448 153 541
225 582 899 272 511 373 290 373 771 743 522 42 666 185 563 53 763 771
832 881 414 266 191 947 877 575 634 484 783 335 389 311 227 66 583 495 57
83 623 224 584 561 867 524 680 224 964 961 367 715 931 56 507 79 188
902 134 522 60 651 898 842 611 99 882 842 975 393 718 547 33 444 346 510
789 629 21 195 456 30 455 791 551 227 125 260 512 995 322 834 548 30
173 534 326 536 298 814 576 249 501 416 294 216 521 114 322 701 943 306 475
234 821 743 847 708 323 194 869 229 620 234 65 869 41 339 786 419 982
820 416 470 651 20 228 535 348 235 769 888 822 889 692 22 68 437 102 490
633 590 66 495 498 895 804 155 147 801 323 84 478 879 2 495 34 540
240 217 242 589 134 126 168 154 692 166 671 9 807 402 207 185 587 270 417
75 993 560 312 233 449 160 76 581 953 944 198 482 479 648 142 967 502
110 687 512 424 336 892 613 507 599 149 823 653 269 305 100 721 622 488 260
174 762 434 323 645 962 840 769 606 209 88 208 352 866 896 727 337 632
131 375 864 560 596 306 578 373 48 160 805 373 419 912 744 781 149 277 2
754 843 63 110 690 783 35 961 364 681 433 577 119 441 643 385 366 819
215 340 287 259 672 586 977 689 21 392 682 252 783 273 872 510 170 732 170
18 773 903 649 946 423 158 308 145 420 18 391 338 518 790 890 837 89
367 14 897 437 908 492 254 114 136 793 312 753 823 979 404 480 804 528 387
344 360 590 13 910 663 27 295 851 285 988 20 308 792 202 131 711 874
431 436 235 410 291 203 251 913 328 680 591 239 89 204 318 916 325 70 825
360 406 721 577 403 58 857 612 819 575 2 285 39 315 715 488 900 188
990 512 236 651 454 124 16 641 932 3 804 878 925 630 153 102 440 257 712
452 94 561 638 154 606 172 258 447 283 173 407 406 526 392 813 26 595
554 798 116 746 948 946 516 496 933 727 111 338 941 662 288 72 906 653 835
600 406 674 798 944 174 747 586 233 296 121 940 695 542 854 94 742 898
529 522 235 195 255 219 33 226 690 491 79 398 584 972 256 291 674 448 752
637 22 533 43 178 980 458 468 183 274 733 142 644 374 922 166 197 328
93 469 935 375 184 538 488 717 278 380 4 600 75 819 741 857 327 730 333
350 809 292 406 367 898 431 85 356 819 649 24 856 537 577 302 733 465
20
915 657 576 336 172 345 877 181 462 645 -1 582 624 690 520 186 68 181 846 163
-1 953 703 386 676 965 607 387 109 577 816 906 392 249 611 993 229 796 178 907
478 878 322 924 -1 630 443 460 310 689 851 955 600 72 435 653 57 594 193 423
801 482 863 187 923 910 477 835 386 694 576 -1 776 859 565 211 247 235 438 453
651 398 427 -1 278 620 501 548 145 862 201 225 294 -1 171 833 893 -1 424 367
196 166 499 496 594 256 845 883 750 929 892 485 -1 534 427 932 777 301 709 910
842 985 -1 652 561 575 963 876 878 269 347 140 -1 857 205 749 -1 -1 561 642
40 78 213 402 812 296 398 152 -1 78 238 555 100 578 -1 540 484 794 392 180
-1 914 858 223 790 47 -1 596 191 255 24 985 848 353 470 5 -1 796 808 454
838 27 858 123 101 332 374 801 221 102 408 -1 391 982 188 576 878 188 798 212
-1 261 195 129 -1 554 446 793 276 521 177 860 210 704 530 536 708 568 845 274
734 33 734 272 603 819 295 883 -1 828 426 702 798 286 638 195 473 237 319 552
929 261 893 189 106 321 459 393 32 521 266 614 283 214 261 876 632 235 596 447
988 755 579 583 60 44 298 472 277 611 -1 214 512 677 631 228 795 -1 -1 920
787 991 947 410 631 137 669 635 911 769 207 154 303 230 121 256 953 860 341 424
488 778 958 304 391 779 703 383 310 661 887 53 -1 -1 238 -1 208 322 873 547
405 327 802 980 312 284 157 678 810 822 379 32 785 866 657 884 109 539 855 962
974 743 566 765 935 107 819 -1 347 511 292 542 289 972 788 581 424 473 2 397
273 717 -1 806 346 649 777 -1 930 191 -1 510 336 842 1000 -1 462 716 -1 202
981 343 28 547 278 418 841 557 377 31 121 659 727 685 307 576 825 -1 87 509
775 20 812 481 707 834 138 903 799 334 564 764 521 435 811 470 957 683 155
364 252 437 971 223 282 467 93 987 2 516 632 668 261 792 559 394 754 208 993
486 612 790 177 760 767 688 197 941 358 800 398 804 668 633 343 685 37 957
173 653 845 722 556 687 970 141 414 548 436 872 402 387 610 93 770 734 662 522
602 254 697 110 930 869 174 122 941 293 164 271 626 261 496 716 932 416 554
853 684 524 678 333 797 965 369 7 871 929 198 704 323 863 21 144 779 23 770
172 260 942 65 401 788 122 534 37 525 449 354 415 731 703 978 830 61 195
662 707 864 205 438 430 568 349 130 91 104 980 998 847 423 186 654 249 862 689
94 828 317 60 72 301 997 729 766 968 70 26 66 485 277 235 20 411 311
756 968 850 180 610 22 701 17 663 807 222 799 964 558 876 22 187 831 447 694
415 462 275 931 961 481 905 780 236 918 759 44 158 289 252 887 266 947 57
404 880 643 118 719 484 544 909 55 306 127 348 494 251 659 624 743 232 141 264
434 861 520 774 849 737 563 644 930 498 436 992 78 616 756 886 966 328 341
147 975 985 673 171 202 632 359 993 235 543 36 178 36 650 441 519 630 433 214
891 846 695 808 768 60 732 343 674 549 402 63 343 626 564 121 77 482 938
975 880 16 251 342 398 761 53 769 340 269 45 797 810 371 188 778 777 730 634
542 352 516 43 314 879 646 355 162 247 442 31 782 709 816 460 671 256 10
264 253 64 714 576 835 992 206 111 479 187 178 563 76 452 748 289 543 110 650
918 456 576 729 314 925 161 340 776 193 733 352 375 950 30 684 429 31 568
443 222 463 195 683 366 386 973 910 48 402 629 859 1000 312 798 872 870 387 64
857 778 371 664 193 343 12 974 586 99 175 96 584 176 802 930 752 306 816
562 14 233 443 385 536 719 386 886 755 469 533 444 6 505 796 552 500 270 753
118 295 313 710 401 223 302 788 677 27 616 291 884 382 784 27 819 663 65
837 749 966 594 198 135 360 429 556 932 967 184 480 934 41 785 110 82 632 293
142 498 164 283 676 841 162 868 423 359 531 521 406 49 759 611 486 841 811
475 686 765 725 585 285 953 139 163 7 524 575 692 636 587 33 279 327 196 732
252 751 324 512 102 659 682 950 318 775 290 184 483 434 97 390 25 592 878
371 161 761 834 310 757 25 439 737 674 873 931 793 529 342 516 441 878 539 742
613 632 560 594 832 230 636 328 497 537 324 937 16 416 747 991 443 442 678
63 618 579 139 150 553 683 750 464 410 489 497 283 699 96 342 199 818 635 911
227 186 677 165 823 813 9 269 510 424 797 512 327 337 103 913 249 429 183
916 904 867 449 627 742 777 415 656 951 144 925 382 592 36 519 517 226 51 791
427 37 689 518 942 700 632 791 860 722 159 561 961 916 712 496 638 915 639
480 780 110 528 729 146 25 359 532 592 503 329 963 331 345 568 492 809 368 823
130 141 862 151 208 359 430 828 138 333 267 988 55 67 649 792 259 224 411
772 372 78 769 705 794 56 26 332 756 853 892 113 794 194 193 972 456 1000 170
848 802 79 950 274 875 292 864 290 721 529 280 905 798 22 884 695 876 357
924 230 513 779 946 959 544 108 524 561 482 601 193 595 572 455 776 126 762 464
258 862 495 256 635 122 800 442 318 664 369 536 244 684 101 273 50 80 277
16
13 -1 817 126 87 229 984 189 619 459 626 402 640 670 792 188
38 290 669 303 322 837 883 835 334 924 358 84 256 723 952 584
844 501 48 -1 637 460 798 528 71 961 124 310 839 -1 529 61
184 369 668 558 -1 730 451 39 625 197 499 310 741 640 839 379
15 65 118 256 776 672 682 207 794 359 64 466 546 315 793 910
700 748 481 978 -1 -1 443 580 498 -1 330 168 516 49 539 483
567 -1 929 86 593 476 218 36 872 606 -1 746 209 226 863 -1
627 472 161 214 730 864 543 150 600 260 -1 124 39 706 668 206
617 -1 -1 801 938 765 581 858 -1 332 954 175 663 764 717 430
504 145 309 844 111 33 187 777 588 734 314 732 410 532 686 521
936 608 532 143 525 898 719 150 515 476 210 229 553 38 616 -1
280 687 468 -1 866 -1 410 800 455 399 479 -1 774 331 825 550
-1 230 657 619 925 -1 331 505 172 470 128 250 410 729 147 35
269 410 398 451 726 508 775 114 204 812 329 453 635 702 758 990
68 353 686 433 980 319 -1 283 325 922 923 46 308 234 617 654
127 858 949 -1 487 184 106 392 255 844 673 731 431 944 656 623
956 264 470 434 754 289 555 491 294 992 303 523 97 32 161
896 208 380 835 171 377 303 846 712 364 314 143 516 875 243 6
158 325 510 286 167 607 892 333 939 602 404 973 80 535 599
870 809 772 862 787 144 552 588 335 941 881 265 713 370 346 466
798 155 80 870 885 700 191 379 645 279 991 486 62 410 514
945 958 818 945 989 920 930 38 880 972 333 608 885 298 331 187
195 477 343 175 129 105 302 542 692 898 510 226 707 812 123
958 982 322 873 831 796 386 575 805 145 63 515 19 543 151 449
332 714 905 152 195 837 677 686 164 383 947 875 110 378 508
623 252 634 815 878 912 701 254 408 607 750 373 466 478 314 391
449 840 985 427 938 323 167 630 975 108 632 82 426 36 117
591 672 750 229 46 98 70 684 39 832 448 619 695 367 825 833
954 343 387 325 370 548 393 977 160 838 970 229 855 929 60
156 843 924 781 619 449 808 295 853 82 499 752 747 237 815 842
495 81 255 990 87 191 879 78 714 599 314 13 526 265 328
332 630 629 83 673 193 169 917 719 12 859 971 29 229 918 338
405 175 733 717 89 670 588 476 732 839 23 645 835 69 67
932 770 8 994 512 116 971 165 71 48 342 23 723 256 865 549
613 852 473 912 796 200 358 798 379 634 961 836 217 193 100
264 246 859 429 254 543 24 103 270 922 288 626 24 782 973 643
953 609 4 349 773 447 265 765 84 580 500 548 654 764 925
992 467 992 106 619 276 629 601 86 718 12 822 562 624 700 35
81 999 155 490 913 771 732 628 951 366 748 896 430 301 673
17 681 937 847 754 728 176 890 24 80 91 780 438 545 24 119
608 166 867 346 564 823 946 781 415 472 638 569 836 864 404
849 842 647 517 265 923 12 6 31 254 98 586 520 323 423 344
85 373 138 758 900 593 649 319 131 109 112 885 87 792 93
776 187 912 687 488 712 278 640 348 961 195 144 218 84 171 857
498 707 243 304 57 129 981 940 196 65 944 977 943 413 340
643 491 501 453 378 845 382 882 461 21 893 409 137 643 690 895
345 626 904 206 317 429 313 909 127 452 856 769 756 706 54
16
978 320 252 593 14 251 268 620 770 481 475 -1 677 -1 -1 721
582 572 -1 316 594 142 534 240 340 897 979 -1 811 74 702 -1
-1 -1 232 -1 203 956 716 522 4 227 407 583 111 519 917 819
834 925 930 120 986 799 759 210 509 830 650 -1 31 955 30 531
-1 956 -1 184 372 123 565 431 769 220 527 1 415 182 -1 918
882 379 -1 679 427 733 852 995 927 965 306 847 912 615 -1 754
636 825 441 246 39 -1 811 100 337 245 42 -1 391 259 560 -1
107 939 601 671 184 808 728 38 -1 157 414 106 409 -1 199 247
250 874 475 553 698 18 348 512 -1 -1 22 -1 932 252 707 15
-1 497 845 959 220 425 936 -1 -1 587 323 58 97 56 317 334
406 935 338 936 103 880 257 149 674 250 716 524 372 -1 -1 550
115 326 454 10 -1 398 819 520 606 433 852 -1 220 124 368 543
732 310 919 520 399 748 236 926 826 278 50 -1 776 507 404 833
432 301 342 775 812 685 474 647 -1 505 292 465 740 -1 805 642
126 986 152 364 884 566 642 237 284 617 -1 292 846 -1 810 104
864 832 527 29 707 -1 104 319 56 711 298 72 594 146 824 451
242 330 545 224 191 914 622 68 136 405 55 845 852 91 933
893 81 117 276 267 516 532 191 648 64 454 577 674 565 810 314
788 254 767 394 691 532 98 782 190 995 966 764 186 402 188
969 498 833 87 622 140 249 22 894 713 698 350 691 250 588 73
215 172 404 692 84 844 286 434 327 857 473 572 836 638 711
774 771 605 47 977 361 352 790 36 897 319 971 469 413 612 172
711 14 457 330 115 146 191 544 376 800 300 692 101 469 546
503 250 691 326 661 13 592 886 828 710 228 596 194 739 330 875
402 332 999 680 656 975 98 51 650 89 441 726 111 197 10
695 221 311 232 188 169 863 82 893 948 698 860 495 524 143 310
992 803 449 646 458 38 243 502 862 805 270 981 232 805 972
703 804 28 846 732 80 240 931 795 304 81 833 553 755 962 564
677 620 598 245 225 821 295 411 348 86 508 7 76 446 527
903 781 484 634 405 921 501 945 116 105 643 234 441 59 983 859
736 253 178 374 100 393 684 145 523 714 476 128 267 859 964
925 539 705 962 270 4 755 614 519 152 795 403 648 787 785 220
272 774 221 489 241 763 648 33 656 599 806 508 622 686 512
763 235 901 512 777 949 319 485 815 246 773 695 128 68 658 909
330 947 912 733 749 17 432 224 383 325 889 970 747 435 770
951 154 860 416 843 547 823 302 491 850 820 199 251 857 78 851
322 921 240 981 154 473 405 609 184 476 695 438 182 996 29
818 201 742 498 500 942 36 308 505 18 159 996 724 310 720 693
965 170 964 805 858 269 626 980 454 478 587 340 345 955 581
907 631 804 635 713 453 909 816 523 329 526 541 574 292 465 947
808 915 660 569 921 378 460 154 582 433 87 493 512 104 760
58 107 7 784 349 997 526 476 407 834 586 598 69 33 792 569
70 689 170 135 502 545 558 616 249 878 720 353 41 510 535
217 526 206 530 11 806 90 445 867 666 994 387 837 398 97 157
730 719 724 946 483 246 299 155 424 703 252 493 738 697 132
395 137 660 268 637 276 380 283 844 142 722 506 519 929 663 51
936 261 560 125 518 561 305 309 193 310 677 44 715 444 988
5
899 196 518 818 -1
-1 953 813 190 85
-1 527 15 63 99
56 742 997 955 186
405 -1 135 -1 691
327 37 971 832
226 429 739 686 30
200 273 536 897
727 214 775 345 283
595 330 604 993
250 367 451 991 234
886 748 524 152
256 434 45 636 401
179 209 997 34
16
604 403 665 53 735 700 715 48 5 316 973 252 168 510 316 377
673 682 835 298 167 1 289 415 202 517 473 122 9 707 264 687
483 793 835 769 182 811 578 600 145 331 874 969 767 964 -1 310
344 215 144 410 806 160 745 644 37 158 175 858 792 432 587 377
510 -1 164 323 899 -1 86 671 424 974 968 497 905 803 728 -1
767 189 55 -1 125 926 294 141 583 464 463 371 241 912 49 655
-1 164 991 116 678 808 197 679 99 42 38 -1 180 856 722 767
-1 659 904 746 665 155 451 632 533 -1 648 989 -1 387 597 250
663 780 692 449 425 288 353 546 -1 74 2 712 395 374 365 406
391 -1 281 331 -1 545 333 685 461 870 87 374 323 797 643 34
193 249 553 313 914 403 991 336 223 662 414 416 124 485 337 703
907 493 836 625 -1 327 677 906 784 759 938 724 546 941 873 191
405 -1 624 275 337 196 919 -1 893 24 721 224 202 369 900 93
761 202 653 41 948 396 686 703 852 869 -1 874 493 378 -1 -1
232 551 297 885 438 552 108 -1 451 567 278 21 922 373 321 962
566 948 -1 554 750 477 41 724 774 257 244 280 505 44 380 690
444 410 366 955 688 330 47 177 884 438 487 297 132 775 544
810 99 997 753 980 603 852 126 613 775 457 604 554 818 187 47
239 626 583 950 973 694 171 495 167 193 541 149 284 767 307
309 309 614 142 39 505 271 821 861 216 945 13 979 980 325 736
146 146 903 467 835 102 210 934 151 211 453 539 927 4 694
873 27 549 749 214 956 37 454 584 292 282 359 793 508 975 320
846 559 501 125 611 420 508 799 954 360 808 14 593 179 493
585 710 503 131 61 658 604 508 278 66 206 191 443 573 38 697
314 943 843 584 893 104 632 472 92 707 982 257 360 912 868
238 958 41 314 254 732 971 205 931 908 205 375 265 992 888 815
526 555 787 619 358 139 416 155 518 521 584 722 793 912 511
677 238 930 284 79 993 379 23 134 563 565 49 598 193 823 902
229 786 828 247 583 560 755 701 453 936 636 935 115 947 969
882 346 323 266 597 263 716 799 969 645 462 892 240 684 709 729
561 410 485 197 610 62 690 775 516 710 906 897 438 996 397
268 671 570 429 133 983 677 545 556 23 639 526 168 423 820 139
866 679 365 300 163 425 264 76 341 192 449 695 945 752 929
774 264 571 508 835 17 802 68 89 924 269 25 441 100 184 97
653 398 912 528 793 662 116 492 5 26 524 113 295 507 244
19 362 652 18 99 701 27 272 491 911 114 36 934 362 430 55
779 774 263 702 217 111 376 580 589 782 385 1000 499 2 222
442 792 244 781 700 236 248 526 596 343 743 343 356 657 304 486
363 733 340 725 265 673 928 843 648 988 169 153 431 571 305
445 653 988 283 691 992 301 769 773 250 313 59 237 962 52 302
703 451 106 22 269 127 409 18 97 825 7 927 63 850 531
445 49 175 290 224 499 836 142 256 372 846 663 999 869 78 891
116 337 337 354 805 742 527 789 586 136 946 976 765 263 870
715 548 334 967 810 806 325 711 640 232 86 263 848 990 593 876
768 527 272 404 462 897 918 1000 816 60 395 748 821 19 272
905 965 815 712 946 247 575 903 219 674 275 195 188 724 895 524
514 425 55 969 327 544 91 544 57 746 871 122 303 154 352
