10
14
16 418 471 -1 64 321 912 934 187 -1 621 931 244 -1
187 -1 198 604 730 -1 866 547 -1 968 657 786 -1 64
-1 213 525 805 637 917 106 161 404 875 980 81 646 -1
463 403 415 -1 646 281 149 318 678 133 161 122 209 451
879 466 221 371 576 332 379 862 866 -1 321 707 625 750
188 804 47 887 724 280 252 846 108 607 63 510 502 996
212 310 154 -1 436 479 745 -1 -1 833 258 -1 393 749
546 528 779 929 28 846 427 298 848 472 837 239 703 -1
281 394 111 736 395 770 576 751 786 264 861 842 949 440
353 396 292 735 915 387 563 273 106 934 954 759 552 658
648 -1 404 349 74 143 697 563 700 450 728 874 191 89
584 241 163 729 877 160 42 173 740 702 838 327 864 647
157 982 239 502 995 405 774 213 576 359 469 385 -1 -1
371 8 277 -1 125 214 163 114 621 -1 753 -1 935 629
664 872 3 578 843 717 236 991 729 166 754 81 15
456 210 446 311 429 611 824 813 225 552 948 923 599 655
879 849 883 889 36 173 394 535 611 826 332 408 914
1000 152 466 640 443 493 163 955 161 766 443 320 36 508
239 42 761 959 503 581 898 121 468 122 534 39 119
682 77 743 695 146 769 308 810 471 308 213 978 646 726
830 165 759 428 302 776 648 879 548 850 304 880 594
708 324 747 364 443 62 668 484 247 61 54 137 930 99
645 503 916 917 813 962 46 879 6 191 656 26 17
55 624 577 722 45 297 113 48 571 433 174 876 602 437
673 573 79 735 992 518 370 503 596 328 458 939 876
196 233 255 92 155 840 607 812 166 650 305 381 702 799
351 423 774 770 615 509 295 644 120 31 280 289 624
317 986 846 378 393 678 681 26 850 762 304 548 472 48
201 116 961 397 250 602 656 990 376 785 40 31 215
820 192 915 499 135 55 643 267 768 467 119 60 85 200
35 62 627 109 750 777 942 315 648 282 897 491 194
714 872 773 527 800 901 606 162 481 843 25 588 650 979
877 991 615 473 784 489 615 459 861 41 540 106 690
902 85 701 284 770 583 292 484 975 727 801 143 564 865
878 645 630 527 226 643 877 696 977 109 464 867 623
332 758 695 891 56 770 764 695 901 962 64 842 34 917
987 176 840 974 29 836 426 605 326 763 229 710 540
797 195 89 790 457 512 824 5 410 672 951 188 959 194
412 247 163 548 168 265 444 18 801 999 250 431 274
227 825 327 733 302 803 568 323 986 678 93 977 236 441
814 615 381 681 397 864 614 290 804 490 412 201 101
2
944 843
575 552
175
331 765
705
17
788 332 160 432 531 204 390 184 919 775 332 585 220 -1 806 887 176
121 538 627 653 561 -1 220 957 630 65 49 328 469 25 988 343 860
453 46 897 445 982 798 550 433 439 280 691 47 893 50 381 779 -1
563 341 126 655 253 17 43 199 225 322 613 219 726 -1 99 892 207
335 456 29 -1 -1 904 184 215 179 42 83 642 63 484 -1 883 692
824 608 49 801 830 649 962 -1 787 548 396 954 365 384 -1 758 638
820 229 290 603 412 488 899 145 134 -1 673 603 655 501 143 637 602
620 736 203 95 249 10 366 414 243 321 -1 162 524 241 697 487 231
-1 298 688 451 338 -1 752 929 868 50 73 887 29 -1 141 398 520
842 294 522 337 691 907 591 457 -1 897 986 182 963 163 938 233 461
434 117 105 638 827 693 160 715 246 739 916 394 455 404 425 643 770
93 556 618 659 429 243 -1 881 139 533 986 446 823 295 771 72 667
886 661 150 70 372 470 942 528 559 814 868 381 -1 -1 633 826 675
31 144 155 385 116 478 140 296 523 -1 -1 621 336 198 551 54 267
213 890 667 78 235 249 884 810 479 765 498 203 213 922 -1 511 774
268 367 294 288 382 -1 596 -1 527 150 547 481 -1 894 2 433 697
638 -1 456 114 10 999 978 976 381 701 784 478 804 273 375 701 916
294 325 284 554 48 219 194 332 810 418 481 723 640 475 113 270
398 910 432 654 957 743 599 263 406 839 524 396 519 724 648 281 241
773 474 514 582 751 707 768 748 206 803 32 294 801 98 898 606
27 522 22 709 845 17 95 966 142 920 720 801 691 433 120 689 498
693 740 343 905 141 768 463 740 855 796 343 711 630 307 100 66
276 148 213 987 277 497 95 480 976 354 998 128 702 839 399 723 746
91 940 83 252 313 602 279 559 807 584 524 744 24 817 564 880
749 743 623 909 495 554 195 663 250 702 481 721 731 677 619 833 758
12 120 917 276 237 811 247 619 239 645 364 444 390 394 641 143
592 455 929 161 892 371 220 474 320 731 208 834 667 307 679 35 146
751 571 76 292 273 65 462 954 958 475 133 137 470 823 569 185
970 102 683 761 14 495 222 347 445 347 200 77 827 656 306 698 341
800 654 199 898 378 961 243 21 991 757 185 541 166 151 377 785
954 376 194 197 979 558 624 276 104 209 702 125 11 516 129 770 366
481 34 678 250 154 627 229 969 63 594 622 230 812 171 760 366
51 251 644 356 588 623 662 698 345 471 862 359 547 17 799 675 263
474 319 760 381 130 765 350 764 622 994 866 518 639 716 137 387
151 227 788 160 977 17 909 980 312 409 961 781 224 481 104 133 967
649 55 905 500 227 765 164 886 766 239 187 622 406 992 320 611
533 620 889 271 778 254 846 821 675 673 28 446 870 759 88 385 94
549 648 193 221 388 471 752 154 137 558 705 342 427 702 352 440
447 109 920 39 176 346 84 736 202 566 206 320 567 367 577 393 669
919 221 28 718 608 509 234 984 784 882 628 33 493 518 382 411
358 644 568 905 243 877 634 604 698 996 443 282 693 114 995 961 306
529 947 374 708 381 338 275 597 157 839 898 201 445 714 453 497
613 468 741 657 214 643 552 847 622 247 779 83 879 403 898 377 864
827 817 786 84 852 631 470 976 533 910 757 23 501 207 409 567
19 339 8 477 293 190 280 746 659 321 362 875 816 486 804 298 444
839 877 409 601 753 966 181 481 965 252 355 990 183 348 651 587
680 621 848 161 22 154 673 955 466 420 718 856 48 497 539 33 288
152 973 122 747 363 279 585 970 751 445 803 185 219 822 868 660
828 913 974 506 484 143 45 480 691 813 78 428 530 752 121 190 108
364 818 649 262 301 494 699 268 794 383 3 540 234 831 94 713
16
17 -1 117 608 -1 934 640 592 411 571 339 299 12 963 514 217
444 359 417 991 825 967 285 613 780 178 180 228 249 -1 559 619
119 98 137 148 593 680 -1 -1 93 564 -1 183 324 331 160 943
249 585 -1 550 880 595 894 111 141 -1 410 -1 709 443 847 752
367 977 931 904 159 479 403 55 367 -1 538 553 329 206 80 36
421 631 402 328 590 126 276 823 517 179 336 357 686 942 513 709
-1 214 929 585 57 824 246 5 970 940 399 312 835 105 649 173
146 641 20 208 871 893 803 838 623 171 939 140 702 651 702 774
-1 451 271 361 832 -1 174 751 737 778 -1 972 -1 -1 699 886
602 830 355 629 682 369 549 706 879 16 123 891 -1 44 2 6
1000 284 793 545 -1 841 404 965 966 929 436 -1 -1 261 764 54
-1 260 -1 933 208 107 552 915 11 -1 557 718 106 997 8 482
525 857 936 -1 784 643 190 629 14 -1 778 916 144 103 299 27
630 454 891 216 527 658 690 541 182 888 504 501 413 884 173 28
137 156 634 845 226 335 -1 831 996 453 585 627 181 477 947 933
-1 -1 -1 761 781 930 523 449 404 549 293 195 151 711 813 760
823 364 707 434 613 801 1 353 829 260 922 794 717 465 479
390 96 656 845 483 279 302 430 486 521 162 232 814 124 905 518
402 517 979 231 644 686 123 146 948 949 225 598 446 368 656
140 874 77 312 938 560 308 435 554 401 538 446 412 895 191 528
228 933 228 963 255 930 440 642 437 462 138 321 574 126 283
598 408 753 981 137 773 63 442 711 706 429 528 58 747 683 46
842 802 225 750 489 310 179 917 448 849 247 665 483 455 303
666 4 92 483 533 581 698 343 83 359 661 928 386 253 7 602
290 955 427 617 259 209 759 126 566 555 198 889 346 772 907
94 266 239 843 401 405 646 468 768 257 91 679 390 733 856 626
116 811 28 596 426 920 722 710 497 742 411 445 861 362 588
106 859 347 569 949 712 429 87 45 996 723 581 569 874 805 919
691 398 910 889 881 782 716 555 254 814 893 386 639 634 313
10 329 777 314 735 261 546 268 77 658 648 415 604 275 961 463
40 248 601 663 869 867 3 167 438 993 142 488 482 11 473
835 755 611 484 367 222 485 401 6 523 57 200 188 192 569 18
803 417 299 769 874 825 624 410 447 877 260 214 494 204 123
425 431 83 16 231 340 193 20 757 392 365 285 372 444 838 426
193 794 646 339 188 293 632 113 242 955 491 247 193 313 108
781 892 480 85 151 479 71 728 616 956 881 714 620 50 280 662
586 997 379 243 146 819 359 65 903 373 934 843 855 676 758
568 478 807 244 991 447 814 415 952 546 526 627 957 406 559 65
403 326 674 298 175 61 736 53 940 347 482 199 397 439 707
641 300 808 128 955 868 77 419 454 68 725 998 774 338 373 182
668 298 457 788 805 742 380 296 637 873 21 338 888 209 529
905 299 369 374 111 506 466 350 709 358 91 649 432 889 446 105
215 720 741 182 953 56 121 810 248 733 801 879 318 66 333
272 341 334 221 440 4 613 196 676 505 924 414 593 269 342 372
392 750 277 209 12 161 840 684 250 480 998 634 607 989 474
493 727 349 404 763 973 613 416 500 815 458 241 173 904 825 258
28 999 557 15 845 552 614 940 251 808 37 903 611 561 279
8
982 550 249 388 903 630 318 195
99 -1 450 474 669 121 628 242
229 126 885 817 -1 -1 818 -1
148 965 492 95 62 531 621 30
473 424 254 49 423 595 351 83
833 935 399 953 248 217 798 728
493 416 476 334 744 315 137 128
-1 -1 234 160 -1 -1 360 905
853 826 922 716 732 286 440
32 330 644 319 280 337 14 279
169 582 823 60 220 441 491
641 476 445 377 660 932 518 370
998 595 821 767 75 721 63
304 881 713 291 725 862 885 32
260 11 973 588 592 627 575
596 522 816 806 793 878 894 729
673 224 823 892 788 119 438
586 937 801 442 336 194 636 627
306 126 712 133 905 245 975
784 638 427 421 48 606 652 802
253 801 734 846 622 759 799
117 379 379 838 710 745 398 800
845 617 301 337 523 2 717
5
998 130 624 60 311
696 -1 931 542 240
1 911 236 856 -1
983 312 648 -1 -1
330 416 59 205 767
513 709 898 844
734 168 315 188 37
641 327 349 312
644 64 397 505 251
292 68 425 807
837 869 978 692 55
604 125 225 199
187 334 76 464 154
470 333 13 265
11
258 890 -1 670 315 651 528 636 555 289 293
358 229 968 981 759 431 786 166 317 758 139
455 667 502 505 75 882 617 541 914 -1 333
90 445 -1 -1 353 392 -1 222 264 528 614
92 210 413 284 879 265 676 -1 508 820 626
230 184 492 786 966 21 752 338 315 352 905
4 -1 853 645 601 30 439 -1 802 -1 975
57 69 690 288 910 528 34 164 409 599 669
854 578 605 536 309 898 -1 -1 347 857 4
454 996 685 868 95 217 609 682 209 750 336
536 186 757 666 635 814 140 994 582 222 -1
835 242 227 225 639 697 58 252 550 989
5 693 602 142 473 541 367 23 718 979 444
238 903 772 945 140 909 101 426 773 509
234 899 24 63 134 742 346 838 143 44 371
866 379 353 700 345 477 807 80 230 135
166 222 989 968 202 367 372 358 534 15 719
854 62 881 264 194 841 141 923 414 660
302 217 252 571 781 444 924 132 631 360 47
856 897 601 693 740 529 511 258 163 698
338 539 522 766 248 166 905 172 508 974 360
917 859 35 661 782 192 22 989 702 660
711 242 934 354 717 698 454 628 776 713 601
533 973 887 605 142 546 332 75 49 351
569 754 210 127 759 531 780 208 37 313 364
642 545 178 578 798 800 869 822 61 499
669 160 245 46 517 624 460 640 138 731 414
842 811 688 359 157 566 853 998 521 2
879 41 711 186 135 969 940 487 712 852 657
829 352 464 89 699 862 215 124 624 985
959 602 278 324 753 983 327 161 1 441 780
518 109 257 794 210 750 314 37 563 909
2
817 476
174 355
826
957 467
998
13
-1 319 702 240 634 251 30 365 339 694 291 713 711
20 389 5 -1 44 638 987 362 814 698 348 893 100
87 287 436 124 203 368 11 333 354 54 31 231 119
720 786 398 254 779 234 -1 629 579 427 852 302 831
427 270 369 75 275 932 -1 116 -1 397 468 895 909
612 557 955 603 -1 843 224 22 -1 779 682 115 581
847 503 460 958 722 764 585 152 190 91 649 53 814
588 101 400 -1 337 887 812 130 510 318 -1 946 209
64 947 168 820 694 300 674 725 833 799 41 200 954
137 198 857 626 492 468 769 526 461 636 326 783 -1
413 329 497 283 830 215 672 677 823 830 -1 583 221
144 128 874 -1 -1 833 828 461 440 672 133 -1 504
977 263 706 925 234 171 319 10 462 796 38 373 690
149 146 763 468 223 949 448 38 506 711 549 663
975 623 896 832 382 914 290 741 233 547 934 317 284
209 875 568 802 756 877 257 583 907 362 940 213
763 905 985 882 471 829 822 204 427 789 866 507 577
960 907 966 19 87 512 833 238 215 932 633 375
790 679 959 533 52 472 903 965 864 567 566 848 839
499 626 281 366 60 328 510 240 980 775 666 337
956 739 320 559 744 13 410 737 154 592 545 372 41
718 926 75 531 174 342 450 120 352 903 535 286
24 494 836 63 642 665 573 66 673 14 784 816 7
260 484 154 120 812 413 821 692 607 761 337 749
386 421 647 2 685 505 591 638 772 984 396 187 801
989 67 26 817 184 970 3 12 642 181 183 855
223 735 303 926 214 866 13 267 52 458 215 645 724
343 999 129 868 155 648 792 868 115 171 892 80
516 541 930 737 799 214 147 948 427 476 332 873 253
359 683 304 670 56 495 596 371 862 410 755 430
230 547 868 967 983 841 413 947 142 207 516 988 147
685 705 610 278 122 378 888 246 728 315 961 349
912 219 769 480 416 885 704 334 456 248 343 747 357
151 976 265 441 129 713 77 848 175 232 582 894
149 309 459 778 432 32 516 528 38 393 27 727 216
317 38 596 351 838 2 838 656 419 653 629 362
800 778 63 488 233 432 829 832 209 447 164 321 803
16 901 296 833 131 723 526 565 404 310 447 305
6
961 318 334 507 998 561
126 99 90 830 117 68
244 727 640 204 271 -1
852 229 344 377 310 766
123 636 515 110 645 861
103 174 224 76 827 863
767 234 68 57 655
707 176 289 621 292 56
172 813 749 85 689
351 821 378 388 408 580
990 163 322 122 496
392 290 353 156 550 689
29 933 813 848 132
150 297 364 859 382 755
64 643 168 135 628
644 990 197 178 686 411
205 883 893 747 556
