10
9
726 382 357 325 72 770 209 122 388
-1 71 -1 104 598 759 158 389 756
835 -1 979 701 194 -1 -1 403 817
9 -1 229 965 700 183 288 732 131
703 216 321 -1 369 963 -1 425 677
313 318 83 -1 955 9 935 660 636
718 861 26 600 309 855 -1 210 437
247 631 50 461 868 479 437 380 529
-1 998 679 -1 815 462 -1 -1 445
560 382 687 494 698 499 401 506
166 687 277 365 685 979 152 508 51
328 60 382 947 305 450 711 272
248 437 780 267 827 152 962 894 749
509 466 68 798 390 269 991 290
801 95 567 473 226 774 993 818 501
458 426 48 492 123 112 653 167
453 624 388 611 229 737 712 581 130
897 666 958 845 786 89 702 493
900 665 432 847 140 869 462 869 421
722 910 986 589 646 679 547 595
373 113 996 573 357 709 4 371 889
752 817 998 375 154 989 330 419
484 466 606 727 929 419 139 204 487
752 441 910 74 184 960 566 848
424 156 611 541 15 794 576 89 341
444 781 367 742 951 154 682 842
4
862 530 107 -1
344 929 -1 68
474 670 534 479
480 111 668 40
801 607 885
691 962 921 484
851 509 145
799 709 613 841
915 912 253
20 824 539 424
492 788 981
6
29 783 681 600 901 835
534 512 973 371 197 95
943 642 294 -1 -1 493
633 561 912 532 948 674
819 732 589 381 856 699
682 180 633 482 656 33
766 208 643 253 399
789 422 785 566 423 528
149 103 71 2 97
704 618 943 484 958 865
353 549 839 373 160
768 76 856 38 627 497
374 633 888 753 197
679 654 775 495 364 465
747 597 104 123 748
360 975 198 339 702 24
493 756 114 538 42
10
818 -1 656 918 116 -1 16 22 184 15
344 244 892 793 843 13 752 714 752 190
770 334 990 497 449 66 307 462 363 58
105 530 834 530 123 -1 -1 756 737 63
789 54 352 491 105 54 780 798 103 84
648 106 46 487 691 101 326 590 174 463
511 -1 191 334 929 -1 347 214 554 605
236 -1 -1 955 640 247 12 509 734 642
505 15 117 944 735 292 698 504 645 487
677 920 832 595 -1 -1 351 332 491 590
273 759 682 726 943 796 567 925 749
780 260 879 568 723 238 373 774 450 665
137 611 476 329 216 145 477 343 476
999 18 718 450 774 777 780 266 555 762
77 854 564 344 692 491 609 586 836
80 973 513 305 421 47 291 867 392 959
891 299 32 530 149 453 238 721 226
767 541 999 246 993 218 783 674 447 723
414 809 621 894 35 942 951 691 908
966 203 832 479 576 12 365 109 729 287
643 306 739 6 940 909 502 180 306
696 596 831 779 1 480 169 521 260 77
913 372 454 813 14 536 771 973 192
320 936 841 938 855 411 830 942 546 403
778 483 645 406 957 670 12 785 438
633 309 512 430 46 874 230 152 537 236
560 890 558 843 909 993 682 884 640
269 122 435 909 697 782 989 639 955 63
657 852 337 884 668 474 203 46 427
11
-1 246 393 691 176 831 580 710 116 678 803
560 208 539 927 57 333 688 31 325 789 792
614 56 530 225 551 771 307 817 983 439 686
914 255 719 429 530 895 596 398 738 702 542
555 467 545 -1 769 176 -1 128 531 919 458
600 701 21 337 161 295 227 455 544 913 738
640 941 382 504 517 683 32 917 550 73 585
428 819 927 94 25 478 46 522 836 928 591
286 822 813 558 968 27 8 915 953 465 -1
144 120 801 416 688 171 801 676 910 786 5
591 -1 272 151 353 56 954 96 708 718 593
877 330 648 930 135 257 406 846 173 973
168 273 448 875 858 710 624 934 480 239 265
952 997 606 262 308 946 91 400 171 866
43 813 291 182 773 815 299 636 242 945 113
314 5 887 382 427 156 517 644 705 302
68 764 925 133 864 995 163 952 137 415 943
510 296 225 839 944 591 581 704 632 501
237 731 905 147 338 870 716 794 795 975 351
618 518 470 998 909 940 666 360 765 986
644 654 945 192 865 991 226 96 152 268 821
316 796 204 932 661 925 335 97 984 974
244 953 753 225 788 831 950 204 110 764 390
631 114 788 359 145 549 536 609 103 185
60 423 61 585 961 632 585 178 378 810 21
756 211 381 289 772 428 913 813 490 322
629 762 495 739 12 471 419 724 80 17 872
119 792 176 395 853 494 477 601 253 187
866 948 530 588 911 233 63 7 597 890 667
437 292 519 281 73 575 306 495 794 309
31 164 712 832 569 891 211 783 358 647 312
339 384 16 725 312 358 454 802 155 927
5
103 22 658 360 103
-1 826 458 441 -1
280 226 537 976 940
477 482 481 376 981
-1 745 631 989 946
935 384 767 852
169 848 512 610 520
749 377 822 609
231 536 899 605 712
587 958 197 788
300 154 364 548 75
250 932 228 272
67 754 171 428 560
346 770 846 225
2
622 427
250 -1
271
37 799
112
19
993 319 987 715 -1 24 1 198 -1 949 989 574 939 884 306 107 663 541 272
629 -1 407 -1 323 533 487 169 538 660 52 105 282 92 -1 951 -1 54 76
354 488 268 791 715 940 886 493 845 466 240 768 621 295 833 167 824 998 -1
460 998 221 745 770 -1 80 921 796 498 792 361 195 103 838 822 55 -1 9
347 133 272 888 691 297 657 773 670 292 227 15 925 750 527 18 587 794 630
946 463 664 751 -1 715 750 501 -1 600 185 349 114 938 26 879 -1 276 421
866 -1 947 37 62 869 373 801 373 273 5 491 248 399 175 490 937 732 706
285 181 751 326 682 736 579 -1 -1 694 986 189 647 137 512 330 833 -1 -1
669 108 939 268 335 622 -1 822 942 196 692 853 526 654 987 735 780 304 275
127 395 555 -1 654 110 421 352 370 555 261 463 129 269 605 444 543 191 246
703 352 763 991 120 62 199 13 175 291 441 838 825 298 713 573 976 671 53
167 181 365 931 303 892 949 -1 816 -1 204 546 888 447 299 791 759 -1 713
916 924 920 217 -1 171 481 406 2 409 285 -1 44 271 654 349 952 -1 669
330 711 649 227 330 490 201 932 10 781 563 379 784 521 387 628 244 632 803
739 348 17 868 730 76 199 -1 -1 317 724 922 328 912 311 435 165 423 843
748 276 998 -1 847 128 881 562 822 -1 848 904 876 980 595 694 599 662 589
720 579 100 994 92 770 -1 -1 343 -1 392 -1 159 186 836 854 -1 501 217
260 699 95 350 -1 257 322 597 456 775 992 319 827 777 399 453 670 780 416
287 84 803 279 390 747 903 675 445 263 832 133 376 402 -1 661 378 370 366
13 309 899 452 651 861 853 67 847 171 100 938 409 252 323 712 850 512
534 465 346 413 259 423 408 44 302 522 157 671 336 403 943 768 984 743 526
287 420 347 372 884 479 34 371 645 518 143 5 819 808 603 635 684 890
651 404 461 466 140 598 71 406 473 224 882 346 867 457 790 154 1 36 908
705 732 6 537 248 474 305 863 570 995 778 229 781 5 884 370 278 776
940 763 385 848 386 999 222 925 179 471 537 879 311 747 601 118 587 723 47
634 977 50 26 582 411 915 563 289 251 933 587 976 267 575 679 228 960
448 669 889 580 744 603 663 777 904 464 293 447 904 736 616 82 533 178 137
619 215 384 326 981 141 815 439 329 793 895 982 157 97 57 434 86 268
852 186 207 250 732 221 999 685 173 557 20 958 576 316 17 493 325 466 565
583 438 798 294 412 998 258 184 213 326 489 620 779 584 363 848 741 726
627 436 47 708 874 15 7 37 11 371 362 986 573 839 151 682 689 469 355
879 788 461 78 405 502 784 527 953 498 607 587 452 932 575 707 934 816
773 487 700 409 39 603 676 756 847 772 862 219 303 719 236 91 737 694 359
520 910 327 581 678 263 963 247 312 132 208 263 659 594 613 916 395 651
658 712 541 574 858 117 967 380 407 568 762 706 820 79 132 680 275 324 672
938 418 347 731 714 389 861 142 163 663 551 888 273 209 682 743 834 865
73 769 813 382 62 997 951 298 771 670 133 397 403 617 501 662 30 886 393
985 894 826 363 105 659 281 374 123 650 665 273 740 32 510 266 417 464
886 919 915 29 50 995 612 70 272 251 882 449 88 706 770 245 611 191 332
4 371 492 768 137 357 998 794 952 713 547 853 427 507 777 192 593 873
945 453 869 671 527 69 216 915 452 427 61 912 458 815 265 18 316 351 729
606 516 942 909 727 308 421 561 35 76 858 934 548 845 632 143 261 57
154 997 278 250 974 202 950 443 945 328 684 24 338 135 292 884 789 978 294
654 861 671 349 895 466 915 591 678 636 949 849 114 511 234 845 906 117
890 449 206 942 142 539 930 921 116 568 952 110 780 180 761 757 597 906 371
609 768 638 77 757 937 521 240 907 291 967 3 710 19 70 86 978 257
420 680 754 977 323 939 559 182 33 898 817 174 986 91 846 244 915 561 953
908 665 521 319 460 956 435 836 490 55 949 891 180 176 898 521 272 303
839 835 304 313 509 80 910 218 288 747 115 348 934 722 692 96 477 751 710
105 151 458 400 882 495 165 473 204 655 316 975 275 311 612 407 396 783
291 753 915 23 259 856 778 818 553 273 847 392 697 958 825 718 601 532 50
319 333 622 586 511 858 333 554 29 740 599 699 136 427 279 935 120 364
763 299 173 45 89 449 694 944 977 541 223 514 574 841 928 924 298 810 251
601 721 920 158 772 798 187 10 485 750 800 836 168 370 173 936 264 920
943 59 604 722 215 676 544 46 190 643 175 113 437 620 331 393 217 863 450
812 909 294 189 744 261 253 691 617 589 103 446 790 216 899 536 690 108
15
874 685 722 -1 56 -1 -1 848 856 115 -1 715 10 908 1
270 659 819 929 313 356 186 575 148 205 -1 207 55 705 634
-1 711 -1 81 297 -1 365 348 92 136 556 200 736 142 30
945 -1 416 170 368 807 334 486 934 973 853 419 525 595 129
-1 917 686 992 290 855 875 -1 211 141 576 281 78 337 634
763 797 817 291 650 846 219 187 613 449 748 621 299 801 5
452 297 262 493 396 432 371 203 282 367 193 702 523 198 561
402 735 904 846 -1 877 107 219 203 150 498 772 -1 566 -1
822 -1 622 111 856 493 218 715 -1 446 19 133 508 787 745
-1 556 986 -1 876 111 945 47 -1 287 203 459 988 393 668
388 285 862 695 497 444 563 124 974 368 60 520 758 810 172
66 930 340 216 143 169 830 120 532 646 785 333 444 120 471
815 119 616 366 541 699 193 907 807 239 158 -1 646 337 206
193 294 568 786 415 882 988 985 712 767 231 83 762 -1 128
81 228 854 7 678 446 515 -1 314 -1 362 669 613 316 -1
234 646 962 578 244 157 999 351 739 902 651 478 149 629
869 135 704 563 654 759 745 209 473 443 125 176 646 747 583
270 263 830 271 383 579 456 863 563 605 549 799 841 682
350 170 739 428 956 93 953 940 155 798 281 737 561 801 436
870 907 619 727 631 360 699 415 489 880 659 886 421 300
189 629 471 566 331 563 185 244 430 200 429 315 207 734 8
940 872 347 157 299 523 279 139 143 158 213 536 255 375
673 992 15 35 508 23 649 69 684 779 360 817 353 305 70
730 321 154 579 303 339 202 624 694 19 888 910 748 822
439 589 592 479 194 510 224 343 212 267 217 743 475 118 604
614 311 770 976 200 253 490 251 884 404 518 665 253 821
599 702 556 738 314 228 754 402 716 160 620 790 365 570 306
156 305 276 626 325 552 44 270 9 579 540 137 550 314
757 397 791 791 144 445 543 682 885 830 730 513 253 541 787
121 583 228 244 957 553 774 681 163 253 621 773 117 283
550 365 395 597 905 343 795 426 839 189 251 875 773 320 67
702 824 696 745 422 689 30 823 907 619 304 627 67 23
95 972 779 637 536 702 904 18 828 325 11 299 844 824 691
392 392 362 866 516 215 99 407 520 767 10 552 44 637
247 871 233 433 221 628 267 300 670 217 932 866 508 691 259
145 84 786 759 522 516 356 922 694 468 898 503 145 497
277 21 163 102 805 502 477 666 530 459 841 473 187 568 705
704 308 484 836 387 707 188 612 633 496 708 140 868 882
895 837 704 531 273 894 974 424 977 475 72 930 890 744 809
26 85 620 172 378 333 539 342 412 16 244 425 473 802
45 649 937 970 60 737 14 250 856 833 346 911 616 84 681
638 216 693 618 230 879 366 97 800 496 451 995 601 340
552 877 285 275 162 853 743 844 500 465 293 219 666 448 211
336 685 826 567 126 20 832 442 833 2 827 242 397 967
17
466 225 770 326 833 491 492 346 527 879 267 376 762 777 531 455 744
696 923 84 786 922 146 273 525 317 487 764 694 446 931 865 715 270
6 470 863 -1 -1 265 615 237 246 805 261 447 126 547 313 542 8
407 948 84 508 595 928 632 502 6 465 944 174 448 212 830 832 423
190 384 537 560 170 880 75 219 385 925 -1 817 519 112 882 -1 12
-1 501 295 603 335 257 94 575 744 770 269 558 49 69 -1 68 571
586 554 514 254 72 398 -1 105 -1 253 189 73 476 175 581 454 24
780 193 387 575 428 275 -1 182 159 278 -1 322 985 342 -1 750 714
735 61 324 536 436 695 41 615 722 643 660 284 927 407 683 423 968
295 -1 148 669 713 -1 8 253 471 297 818 368 506 311 928 557 258
896 948 406 404 109 -1 7 -1 934 77 -1 749 49 249 760 683 208
71 91 423 221 378 197 81 139 971 432 475 552 373 654 -1 934 791
881 45 262 834 184 417 468 444 890 880 576 396 683 997 995 -1 832
90 332 866 918 958 973 969 73 598 50 782 313 277 527 475 257 126
237 157 477 932 315 901 595 848 -1 490 701 113 9 277 693 737 262
-1 895 974 203 825 348 15 989 664 523 511 951 339 344 779 84 290
879 -1 349 637 501 612 965 266 287 347 495 514 646 825 51 -1 203
291 524 330 202 352 582 733 174 765 508 953 74 41 707 321 465
293 561 408 868 273 590 872 529 452 431 740 766 907 835 783 978 406
652 284 886 869 842 348 5 107 590 234 813 396 115 626 685 997
362 75 523 534 397 420 691 261 297 302 864 140 210 147 413 468 84
30 631 346 482 352 833 47 859 372 539 134 328 667 570 891 695
56 727 193 197 688 514 323 431 949 3 378 21 766 421 730 216 877
859 607 875 306 442 977 880 393 981 823 301 40 925 776 247 888
760 737 698 393 58 700 875 145 495 477 11 143 773 512 28 93 977
962 72 526 979 556 254 92 439 349 277 7 430 10 520 750 143
566 427 545 864 312 715 197 958 251 513 758 917 481 137 40 287 167
969 623 881 552 8 473 663 429 850 346 323 654 247 244 541 701
890 883 999 925 602 578 270 257 26 561 558 564 861 981 176 876 248
827 262 385 190 906 336 809 675 734 4 120 677 723 899 592 902
798 972 231 376 445 962 196 890 592 110 386 875 246 152 377 957 854
23 473 591 642 543 925 218 267 274 17 677 395 488 640 346 505
962 208 196 245 413 657 1000 364 745 621 455 337 241 121 520 22 888
764 213 47 532 473 1000 160 755 144 360 872 275 728 780 342 20
591 450 974 840 736 299 209 685 306 790 53 208 401 22 188 426 961
10 851 508 54 386 282 29 26 571 668 872 661 565 239 752 339
526 885 54 794 950 373 801 981 905 835 748 509 515 602 413 491 172
928 40 253 178 185 471 442 530 677 944 608 913 221 196 875 382
141 312 760 737 639 507 217 134 762 922 796 549 715 642 91 1 767
998 827 897 493 395 698 747 534 192 228 478 814 983 134 839 349
125 309 684 653 275 85 730 70 337 540 888 721 906 506 640 653 233
885 907 910 675 413 752 714 774 122 850 845 794 690 509 66 75
525 894 450 999 888 877 755 317 342 953 417 31 822 702 45 88 604
558 680 290 913 294 844 59 478 524 136 953 981 776 300 977 580
870 133 727 935 115 835 778 136 243 599 932 340 640 819 813 983 773
747 518 939 884 17 190 240 785 165 185 442 527 116 609 374 337
589 888 291 831 53 477 791 743 568 149 897 487 956 70 494 387 312
808 389 474 391 423 494 723 700 97 938 216 62 419 969 264 602
52 449 528 923 499 529 786 35 468 982 648 49 542 551 868 601 743
536 337 610 476 353 992 32 208 313 229 877 683 780 262 405 27
