10
2
-1 466
412 930
734
947 760
991
12
655 972 205 -1 745 177 -1 -1 -1 -1 186 -1
517 659 833 380 566 -1 -1 20 711 -1 -1 -1
-1 -1 -1 -1 -1 -1 936 549 489 -1 295 951
-1 281 292 163 -1 -1 -1 -1 -1 651 97 -1
497 -1 573 -1 -1 836 957 421 505 751 -1 -1
-1 423 -1 695 97 224 -1 974 363 -1 340 -1
909 -1 146 -1 108 642 -1 311 -1 -1 -1 -1
-1 -1 847 -1 391 -1 860 819 -1 -1 743 -1
-1 -1 -1 -1 -1 -1 -1 447 458 286 687 54
-1 -1 626 -1 273 -1 -1 751 -1 590 -1 358
290 768 -1 994 968 113 -1 -1 -1 -1 741 -1
-1 -1 745 64 -1 109 -1 -1 901 -1 414 -1
554 186 675 277 456 770 407 78 639 759 163
234 242 418 718 69 161 770 685 674 502 282 881
966 880 537 643 400 778 788 343 533 446 195
504 420 655 362 830 238 598 168 305 642 182 408
310 197 171 990 804 411 722 20 581 163 43
181 410 317 101 366 292 470 364 104 374 901 50
360 792 378 224 463 155 683 592 793 26 389
935 490 838 425 510 949 96 475 257 719 538 775
747 949 311 479 500 378 552 143 397 349 790
817 472 878 292 602 537 103 609 880 38 495 203
902 737 557 356 670 553 91 109 414 260 9
964 866 386 983 920 891 397 186 14 246 323 440
306 132 473 644 716 456 58 75 864 975 329
791 591 658 93 288 894 212 51 644 298 293 118
175 832 107 858 833 887 916 285 860 187 790
472 442 489 466 916 621 754 250 283 554 644 981
325 401 742 618 126 696 501 979 894 825 139
917 133 171 623 298 637 412 176 634 143 285 413
107 123 493 439 785 711 889 974 54 834 809
776 492 132 965 280 948 850 350 970 932 671 297
326 853 615 297 377 100 824 932 126 680 900
553 793 441 860 197 183 216 710 308 124 533 61
588 387 517 843 297 362 781 163 650 156 904
20
448 263 -1 -1 591 158 -1 942 -1 -1 167 557 -1 -1 -1 -1 127 -1 -1 513
-1 -1 -1 283 231 -1 514 -1 457 29 997 -1 -1 -1 -1 592 198 614 -1 806
856 928 -1 -1 -1 543 851 -1 523 551 17 -1 -1 593 -1 372 -1 136 -1 -1
-1 -1 -1 -1 561 949 339 703 -1 -1 294 902 895 -1 -1 557 33 -1 -1 59
943 -1 196 -1 -1 915 490 535 26 167 375 761 580 178 -1 -1 -1 891 -1 -1
394 850 -1 -1 856 -1 305 713 -1 247 275 607 -1 780 981 -1 790 -1 -1 583
-1 556 -1 -1 -1 389 -1 223 -1 -1 -1 857 -1 -1 -1 -1 -1 575 -1 229
-1 -1 -1 -1 -1 -1 -1 -1 -1 -1 -1 -1 424 432 178 -1 574 546 -1 61
-1 488 -1 979 -1 57 -1 669 28 -1 548 901 690 -1 678 597 649 740 -1 799
-1 -1 -1 108 -1 488 -1 580 -1 835 673 -1 -1 -1 870 -1 -1 -1 -1 579
747 -1 -1 -1 -1 -1 -1 774 -1 262 -1 -1 692 935 -1 209 808 -1 245 -1
149 -1 -1 -1 -1 681 -1 -1 -1 -1 -1 -1 -1 -1 -1 -1 -1 -1 563 -1
-1 211 484 48 -1 -1 717 158 -1 587 67 928 680 -1 -1 318 -1 498 -1 -1
769 -1 108 -1 -1 282 273 73 -1 414 -1 -1 929 245 -1 733 -1 462 611 -1
502 -1 419 -1 -1 -1 142 -1 -1 -1 -1 402 -1 -1 -1 -1 -1 872 350 -1
-1 -1 -1 318 -1 -1 -1 438 -1 646 -1 -1 770 86 817 851 -1 -1 937 432
799 -1 -1 -1 -1 -1 -1 -1 -1 -1 490 757 763 74 -1 -1 511 894 407 -1
-1 -1 -1 83 412 -1 -1 666 -1 83 809 -1 -1 32 -1 909 895 -1 -1 -1
866 -1 -1 -1 -1 170 -1 787 -1 648 107 -1 75 941 -1 -1 -1 -1 950 -1
574 -1 -1 62 -1 390 763 843 -1 485 -1 -1 -1 236 76 887 946 -1 -1 784
396 672 763 235 303 314 989 574 992 836 8 18 955 588 960 696 706 700 934
876 518 752 572 252 484 484 540 763 192 147 271 278 730 638 417 547 332 892 81
289 76 530 383 142 908 736 61 860 142 25 85 98 679 59 573 608 55 60
581 73 79 538 82 7 76 400 866 260 285 553 6 131 699 223 835 671 784 199
213 307 112 868 452 465 533 86 778 15 381 540 855 854 931 412 482 736 439
421 237 470 57 444 76 925 330 808 821 456 821 217 934 811 481 776 753 226 160
507 987 776 146 342 673 85 589 194 935 436 112 153 721 719 226 608 956 476
325 99 556 793 472 725 958 274 701 685 647 301 113 309 504 544 540 171 793 792
989 647 631 82 605 636 997 882 918 301 824 911 380 891 211 309 291 373 929
622 388 719 94 715 323 671 719 25 854 912 595 913 790 870 410 63 867 118 218
497 604 90 870 29 825 284 77 482 772 38 72 354 459 117 846 796 669 556
234 570 109 819 922 369 554 469 925 685 610 147 759 813 618 301 618 664 30 760
664 392 31 301 290 773 560 845 646 222 166 22 629 710 846 997 356 103 130
119 517 208 602 985 746 196 740 161 844 626 575 278 718 724 446 996 638 718 167
619 566 187 454 258 443 682 693 471 442 491 87 406 265 594 935 89 37 43
986 5 310 774 88 596 984 180 421 164 456 580 366 247 575 458 677 978 878 508
649 414 39 702 710 961 69 462 179 385 950 31 305 725 561 71 45 259 417
559 727 804 694 453 854 117 831 357 627 159 690 861 814 661 363 44 828 767 183
360 707 798 953 245 777 752 733 121 475 49 567 728 151 70 544 747 312 455
952 407 555 815 157 565 241 703 824 188 363 344 574 96 766 288 721 98 988 436
743 169 729 754 968 205 940 750 988 757 507 353 351 401 658 224 39 802 9
510 4 977 19 415 853 593 701 2 992 255 520 418 64 190 65 536 947 799 623
28 858 146 41 65 395 133 48 752 443 466 394 431 297 672 197 714 460 411
805 689 214 779 428 620 747 171 470 771 179 345 745 393 201 337 124 207 279 853
842 840 599 674 723 231 240 78 657 530 13 488 734 729 125 301 388 721 129
132 95 276 198 360 111 948 40 803 717 606 453 275 657 623 429 458 49 41 328
473 363 943 107 133 340 786 604 880 909 542 985 200 858 991 349 417 142 434
553 948 807 193 146 417 965 336 656 842 706 67 536 540 855 3 781 606 385 581
195 427 448 478 370 774 554 854 20 767 52 503 19 772 65 672 512 362 363
464 393 234 624 302 239 927 775 856 32 118 361 346 945 575 115 775 593 635 594
576 657 103 891 791 443 892 863 767 2 263 338 257 636 393 186 246 662 155
561 959 234 803 95 589 879 961 570 511 318 580 552 827 156 781 509 300 182 139
608 9 505 210 225 680 954 704 312 378 648 591 77 283 937 876 385 368 75
607 583 90 158 5 654 286 168 891 128 336 850 805 137 154 235 379 912 649 630
338 743 368 169 635 778 531 125 314 276 690 926 521 764 115 565 306 425 736
366 299 991 468 511 573 426 381 77 576 431 108 852 827 395 166 471 918 592 70
632 279 687 171 567 749 932 492 318 145 877 557 827 779 604 812 506 196 336
249 743 125 320 197 452 230 214 222 876 140 333 641 812 60 827 642 197 2 141
88 162 665 336 973 750 332 545 95 979 484 415 899 215 987 971 49 237 63
6
329 523 336 -1 -1 -1
-1 -1 -1 -1 708 1000
-1 959 39 -1 -1 -1
730 146 766 98 439 -1
251 -1 -1 298 -1 -1
-1 909 -1 980 334 -1
817 165 258 104 229
930 791 248 569 866 699
975 675 999 258 432
269 706 310 159 975 841
250 392 265 206 567
424 90 287 776 878 315
347 369 27 315 925
251 418 220 929 352 804
949 867 405 831 787
259 962 689 927 104 52
433 969 894 929 407
12
365 -1 -1 -1 576 -1 243 -1 -1 618 998 -1
-1 -1 393 251 653 997 -1 -1 327 -1 -1 -1
-1 473 64 580 -1 -1 595 -1 -1 -1 -1 647
-1 746 -1 -1 -1 102 612 749 605 396 -1 97
-1 640 848 619 -1 -1 102 213 -1 935 -1 559
670 -1 -1 -1 642 -1 51 453 703 -1 -1 955
667 -1 706 402 941 -1 -1 -1 -1 304 834 -1
-1 -1 -1 -1 -1 902 -1 -1 687 967 241 295
362 524 294 956 -1 243 -1 190 888 454 371 829
-1 228 -1 324 952 845 -1 -1 460 232 193 151
826 962 -1 -1 219 -1 -1 378 -1 -1 670 -1
649 -1 -1 -1 -1 -1 -1 -1 500 791 -1 -1
232 500 787 507 938 333 580 743 966 773 586
692 559 954 560 928 894 739 38 535 751 570 679
328 92 793 566 564 960 802 361 689 475 282
217 296 821 968 494 990 175 96 996 714 578 11
700 848 687 684 764 755 398 465 716 619 956
277 383 46 158 787 403 312 637 294 381 802 677
35 52 673 770 182 362 490 388 421 99 353
189 65 916 795 567 390 644 764 961 465 237 721
634 694 475 774 62 961 64 182 5 409 913
775 573 686 119 375 442 637 172 64 31 630 80
592 412 308 553 602 961 176 351 369 135 349
56 700 677 211 920 82 687 950 261 42 309 12
487 954 674 302 420 437 49 658 952 307 687
974 297 954 498 547 798 361 279 324 219 932 613
317 423 852 307 506 697 410 459 672 845 704
93 924 711 563 593 115 791 988 346 311 773 109
430 234 216 673 631 236 721 174 139 770 198
752 935 806 430 817 38 140 21 554 460 612 949
531 564 197 171 999 759 909 855 282 197 826
322 417 340 910 862 421 238 235 592 732 800 140
279 922 168 346 571 257 633 86 46 887 737
590 166 423 688 692 953 465 203 617 691 580 142
667 951 527 850 750 740 618 292 981 679 517
2
-1 708
11 63
951
646 852
905
13
612 67 -1 964 -1 224 -1 -1 -1 -1 -1 520 427
-1 -1 -1 -1 -1 336 603 236 69 -1 403 -1 -1
890 325 402 303 710 -1 38 40 671 402 -1 -1 -1
286 -1 -1 -1 890 643 -1 922 -1 -1 -1 491 174
-1 187 -1 -1 502 -1 -1 -1 -1 -1 879 791 -1
329 483 523 466 513 423 788 67 880 453 -1 346 -1
627 -1 -1 399 -1 302 -1 -1 221 -1 238 60 -1
-1 -1 48 133 99 168 -1 -1 739 -1 -1 -1 810
-1 685 -1 -1 -1 968 630 -1 -1 592 -1 325 216
360 782 -1 -1 476 995 -1 -1 -1 960 -1 -1 -1
-1 -1 758 -1 899 628 -1 -1 -1 -1 320 143 777
-1 -1 243 925 -1 -1 -1 -1 -1 779 959 188 126
18 84 663 -1 884 -1 -1 -1 -1 -1 535 373 -1
38 289 47 518 61 557 873 220 230 1 495 640
841 259 23 718 783 868 247 818 320 918 123 95 635
971 977 410 968 829 701 890 670 718 789 991 42
998 102 361 902 577 564 701 339 989 160 101 637 432
636 832 172 161 558 250 587 772 939 706 680 382
76 521 789 617 544 515 562 922 514 172 574 891 317
744 727 706 164 395 390 601 224 294 922 846 630
565 914 241 362 937 125 292 936 732 356 577 976 288
707 342 554 387 649 618 981 753 396 52 141 232
838 780 863 38 278 754 456 419 131 387 372 822 182
565 517 798 308 335 735 314 142 545 668 611 972
618 759 959 47 466 629 605 781 555 227 603 378 671
445 522 175 526 131 660 655 801 650 128 995 591
741 528 695 428 236 576 611 982 492 45 467 840 310
901 430 965 673 905 268 725 684 27 256 598 297
444 748 97 277 629 487 992 819 865 141 774 840 714
321 827 666 872 830 635 196 874 868 917 127 433
103 800 66 736 2 462 787 222 769 266 132 853 958
279 874 545 458 795 338 407 559 447 479 965 521
72 319 41 74 352 849 940 681 134 731 999 898 726
991 610 716 133 669 507 929 217 323 679 933 341
710 18 331 300 944 615 678 288 730 399 508 314 416
47 417 344 958 333 320 315 500 681 317 114 151
427 790 570 277 265 295 160 758 943 883 256 518 765
408 519 859 157 506 764 584 103 126 320 370 266
7
935 172 -1 17 838 -1 -1
-1 -1 162 -1 -1 256 775
42 -1 -1 -1 -1 371 -1
214 -1 -1 3 -1 644 504
57 36 283 -1 -1 105 -1
-1 -1 55 374 -1 -1 517
-1 -1 933 -1 -1 215 -1
660 259 365 171 628 148
216 626 426 39 253 221 563
379 453 437 689 761 918
353 848 679 10 671 304 587
122 580 875 841 501 537
362 947 464 329 546 256 614
63 351 630 988 140 396
486 92 918 926 796 386 481
132 707 700 246 564 732
226 733 635 530 103 105 917
10 337 870 447 123 468
202 114 32 513 112 773 848
580 7 303 693 812 576
16
-1 994 -1 -1 148 560 -1 -1 -1 -1 -1 560 742 520 738 -1
-1 535 -1 915 806 -1 895 803 -1 -1 191 955 -1 -1 878 532
815 -1 -1 -1 718 -1 -1 -1 -1 -1 -1 -1 620 -1 -1 14
963 464 -1 -1 196 -1 -1 -1 -1 267 -1 985 908 651 -1 -1
960 -1 52 -1 336 325 -1 520 -1 -1 135 -1 -1 706 699 38
23 -1 30 -1 -1 -1 154 269 492 59 -1 -1 807 8 410 461
-1 475 -1 260 561 143 83 429 -1 -1 29 694 -1 913 580 518
309 298 464 516 75 -1 994 -1 322 -1 395 -1 -1 -1 -1 532
-1 -1 -1 750 312 -1 -1 895 -1 -1 694 -1 187 60 -1 -1
643 -1 -1 -1 -1 512 599 84 -1 454 -1 129 -1 357 -1 -1
214 -1 575 708 178 599 352 449 -1 -1 -1 -1 231 13 -1 -1
-1 911 638 -1 -1 -1 523 702 440 493 -1 395 327 547 265 -1
-1 673 -1 447 190 -1 419 967 235 313 447 676 -1 -1 -1 741
-1 -1 -1 -1 220 207 -1 -1 -1 -1 360 -1 699 924 -1 -1
-1 -1 543 -1 493 584 291 594 870 40 244 -1 -1 -1 949 -1
314 707 -1 -1 367 -1 562 -1 133 -1 924 784 -1 -1 590 395
200 824 110 50 598 380 672 878 236 246 829 73 630 174 610
500 51 98 281 861 353 824 804 458 306 760 607 599 199 627 337
51 234 937 233 693 862 794 757 341 235 866 82 478 971 854
428 814 152 664 608 289 825 669 640 996 675 148 401 221 919 466
370 989 397 357 800 519 256 591 713 333 915 487 9 750 876
102 381 732 924 410 557 446 545 90 667 363 106 139 391 678 55
147 852 764 56 894 297 682 567 215 983 542 927 151 413 862
782 779 579 583 750 882 785 668 88 609 17 665 459 217 831 515
972 173 205 494 230 552 407 350 914 91 903 994 974 537 123
877 721 161 89 473 8 142 250 145 744 737 650 962 103 700 348
360 399 715 582 111 358 584 642 299 110 998 494 18 26 649
841 584 740 365 559 862 320 472 648 986 710 769 84 246 750 53
395 610 374 919 373 28 799 768 588 962 595 279 145 96 742
254 199 70 261 198 387 604 584 156 221 47 684 740 323 552 850
677 781 34 653 14 723 90 919 263 800 365 845 42 814 101
945 168 203 233 971 33 866 477 697 624 410 448 218 301 457 366
481 233 335 534 305 980 701 248 949 500 757 593 326 169 702
566 233 85 206 414 467 546 761 773 855 737 31 842 346 143 913
99 501 174 106 845 59 706 850 437 826 527 55 951 732 807
598 469 757 824 819 39 790 827 674 189 246 772 35 235 932 653
961 214 708 922 156 818 2 179 64 794 376 759 489 449 365
511 483 462 524 650 191 920 71 266 521 147 683 407 430 660 667
809 584 299 773 357 430 399 192 772 11 311 436 630 562 89
763 82 972 699 976 386 952 481 317 641 122 616 255 247 207 566
432 409 744 312 693 139 867 848 755 143 940 851 137 978 960
913 575 244 885 919 196 573 905 688 696 325 41 309 95 358 280
848 264 726 819 383 449 845 397 909 11 904 267 438 431 340
509 274 211 658 752 779 674 574 757 289 817 85 899 927 900 51
945 647 619 857 406 140 436 792 140 482 349 263 713 297 727
60 959 647 926 31 48 977 754 528 34 947 412 520 779 318 830
597 407 622 467 274 153 845 970 978 708 214 231 563 427 527
7
-1 90 357 986 345 -1 208
-1 836 104 -1 -1 -1 375
-1 850 47 512 -1 111 -1
88 -1 -1 722 223 -1 524
730 -1 79 735 -1 130 674
312 -1 429 -1 111 -1 -1
891 -1 -1 -1 954 -1 152
882 786 563 737 690 113
535 291 110 919 713 982 344
141 315 257 600 80 63
220 821 121 852 240 194 300
127 293 840 495 106 678
609 540 978 314 945 680 725
414 196 801 411 198 772
594 434 164 784 808 539 568
70 901 105 904 19 295
905 126 38 605 931 904 15
795 176 475 955 698 210
555 532 2