10
15
868 249 864 985 906 487 112 580 359 298 881 356 -1 763 -1
416 231 -1 461 329 -1 188 103 372 641 161 -1 568 955 315
485 557 730 372 692 846 227 501 343 856 -1 787 907 844 639
662 303 893 -1 321 227 -1 89 616 459 636 172 95 -1 996
596 512 592 949 683 220 905 823 797 -1 273 848 291 289 482
827 973 989 366 347 989 376 801 794 275 669 -1 611 434 -1
805 244 780 248 862 978 826 -1 657 611 569 -1 61 803 423
910 3 465 983 547 208 -1 931 789 826 427 55 736 928 242
228 448 64 703 784 82 365 396 125 665 274 875 363 806 542
108 620 92 695 654 827 655 389 502 606 388 920 65 818 513
996 527 743 845 553 622 -1 638 480 194 648 72 807 363 161
670 75 421 926 37 602 837 47 852 809 189 305 878 567 422
699 220 135 213 685 574 104 392 218 165 -1 985 450 689 435
738 -1 741 811 878 -1 667 137 574 192 201 586 347 958 902
858 192 77 -1 50 171 792 686 63 632 902 944 809 504 38
465 323 453 290 429 553 974 641 370 873 112 301 601 648
70 569 240 325 625 723 626 756 241 303 918 388 67 141 770
596 407 212 194 459 989 113 192 462 469 925 798 745 401
491 757 989 713 746 298 817 414 578 206 358 515 830 183 280
443 318 248 558 960 124 906 35 854 237 654 832 979 775
838 632 870 612 203 138 278 732 945 128 52 912 954 216 612
121 607 130 399 701 209 909 524 391 226 983 186 147 883
695 611 771 469 836 949 238 119 184 418 56 551 263 874 106
689 785 861 270 567 759 693 172 307 825 970 14 507 528
588 998 163 973 819 984 557 1000 699 707 434 541 815 742 6
178 716 721 536 669 880 901 31 720 82 463 166 369 322
452 276 195 57 711 368 869 326 575 749 135 404 187 271 334
531 651 137 888 992 16 279 134 715 677 140 605 924 709
491 600 188 774 795 242 299 749 747 210 911 893 166 386 519
817 717 112 213 701 588 62 827 903 384 3 33 253 984
883 651 497 721 126 32 520 545 77 422 166 49 722 120 507
304 979 379 318 30 708 910 208 641 332 809 15 206 172
308 19 6 504 503 796 557 457 136 744 272 228 712 885 8
164 893 285 901 790 962 287 788 905 156 809 398 412 179
617 573 11 774 53 471 245 677 796 99 632 339 368 240 311
846 11 329 585 234 897 224 884 760 928 479 528 933 916
529 132 994 871 836 981 987 289 361 440 333 291 328 449 634
729 646 883 390 755 723 294 175 301 310 236 703 730 156
430 86 432 532 379 883 135 508 561 47 430 4 954 625 130
797 762 72 524 566 20 763 154 557 531 355 169 98 160
897 532 504 770 525 479 970 53 553 846 638 461 325 414 890
351 525 219 824 900 480 521 416 855 85 818 466 798 676
903 663 538 283 311 11 848 428 478 702 462 521 36 337 451
898 895 934 390 864 781 905 18 222 547 423 129 571 204
2
377 585
255 741
434
703 531
770
5
366 319 954 728 622
459 506 458 978 721
961 65 113 570 884
928 468 657 161 730
282 113 -1 221 807
385 293 671 61
437 970 305 124 797
745 620 867 19
511 931 875 323 321
999 191 388 369
520 679 382 541 348
18 71 48 242
944 539 96 872 216
287 715 120 860
8
644 563 -1 482 -1 184 843 943
538 596 362 763 620 399 966 617
340 5 541 379 653 600 385 943
216 977 244 -1 448 971 605 394
64 99 293 843 -1 497 858 702
764 600 -1 258 691 498 212 205
848 135 588 739 934 -1 497 359
89 94 446 721 998 66 914 474
537 867 226 330 14 772 231
606 553 739 619 328 973 646 492
90 815 708 977 471 546 56
753 978 371 176 824 474 643 745
591 136 456 808 594 992 191
143 12 542 92 416 19 895 877
146 408 33 325 950 220 283
692 281 898 627 426 228 907 305
792 188 696 414 93 94 618
309 472 246 736 673 543 636 242
636 530 247 308 679 720 118
468 917 358 209 929 244 226 725
66 540 151 552 976 802 733
585 289 688 635 503 172 961 48
765 930 668 57 797 962 123
19
96 99 358 725 103 925 433 906 453 18 866 -1 286 407 490 506 39 98 516
-1 128 266 229 576 445 779 731 54 507 370 980 440 865 27 126 196 388 -1
176 510 458 264 378 690 502 538 565 235 130 -1 632 161 356 813 212 663 967
471 240 304 544 270 110 652 325 658 356 -1 770 315 70 649 628 389 875 890
797 395 993 156 342 795 247 90 874 941 420 635 116 811 273 493 525 904 269
953 -1 522 243 49 -1 253 958 269 -1 28 995 751 547 -1 -1 56 288 333
131 737 -1 393 120 -1 -1 313 661 499 344 21 762 108 757 899 551 293 479
522 340 780 -1 -1 939 413 458 923 993 791 553 567 655 787 254 838 256 670
494 748 781 -1 467 34 710 556 -1 504 659 957 111 449 790 285 133 491 233
466 375 393 135 501 677 640 654 244 860 865 -1 767 905 888 804 447 775 -1
415 215 658 785 496 65 492 257 781 687 613 207 250 71 -1 149 953 995 828
833 -1 316 895 853 874 52 493 729 225 986 962 851 775 330 662 456 207 46
846 48 236 574 576 987 375 79 419 -1 655 822 456 -1 826 790 863 724 183
542 66 675 -1 765 585 974 170 573 -1 73 961 552 391 368 289 -1 875 -1
522 598 225 -1 319 780 688 213 485 850 -1 903 498 -1 656 467 993 821 825
7 -1 -1 -1 265 715 -1 981 492 662 139 111 962 794 809 613 662 420 306
759 846 925 523 740 144 220 763 545 702 657 181 -1 335 751 53 337 666 -1
768 515 604 710 182 384 435 621 698 -1 -1 243 -1 -1 961 855 133 193 14
401 15 862 552 296 439 540 666 694 330 302 783 632 9 419 744 935 361 454
711 480 336 59 860 606 780 312 883 179 522 391 596 804 522 403 862 945
374 254 792 744 614 595 997 86 218 58 575 791 865 474 943 476 299 800 455
152 208 228 756 406 530 370 875 348 527 709 92 755 817 157 255 773 889
950 261 264 123 628 239 369 439 447 731 414 963 947 741 967 841 360 366 881
658 328 412 675 141 702 830 874 979 503 608 692 110 161 85 329 107 490
808 871 258 921 495 582 786 416 922 438 100 60 810 949 115 250 901 11 664
152 401 336 49 249 766 827 289 593 511 987 133 895 28 95 118 677 907
565 461 69 262 960 714 584 87 598 918 181 110 559 162 93 929 674 33 550
490 797 215 452 645 434 195 154 442 509 260 33 456 118 562 580 731 448
158 284 404 828 219 639 344 889 593 11 605 405 318 8 634 292 321 7 529
797 829 33 315 409 513 158 398 156 720 44 297 926 34 872 3 880 846
479 805 480 844 694 503 88 604 122 849 366 294 472 973 850 755 217 432 182
503 850 397 377 863 995 773 325 380 65 718 103 830 473 457 433 823 594
788 16 158 903 174 905 354 137 13 224 308 71 599 348 966 384 765 530 192
1 31 997 764 509 533 697 863 756 636 772 513 38 958 480 51 701 979
714 455 831 605 845 872 571 999 130 283 576 122 35 276 589 51 840 465 297
648 672 630 748 727 698 678 156 388 448 404 329 439 878 662 511 117 863
795 500 61 829 713 678 693 898 129 732 275 706 188 244 369 417 687 355 18
966 413 437 598 887 744 485 439 548 519 709 77 566 922 376 685 858 740
442 219 454 818 58 384 216 127 435 958 199 248 546 693 826 153 27 635 337
859 404 830 874 603 304 789 999 106 224 503 403 747 832 682 614 230 984
692 741 623 70 819 799 439 962 974 516 343 998 335 674 316 614 766 951 857
672 546 651 743 635 80 864 938 624 652 559 869 980 462 81 563 113 233
419 966 1000 697 498 266 397 392 233 310 64 993 641 301 212 945 586 287 941
970 618 263 158 46 181 272 179 602 757 101 528 291 708 855 586 613 29
893 991 526 296 774 753 946 722 535 910 778 75 976 899 693 356 914 268 798
288 117 265 907 736 693 126 951 885 497 994 733 280 481 744 959 784 273
853 134 744 955 233 750 220 72 773 730 974 604 899 916 959 232 45 614 249
607 990 139 248 388 442 367 998 810 846 879 10 858 717 389 921 947 460
282 206 396 373 213 855 983 474 307 119 837 427 935 306 904 353 241 624 467
253 4 302 101 614 106 243 276 538 245 504 558 972 636 660 688 439 371
668 889 618 978 76 462 238 373 592 646 536 220 339 247 688 902 649 898 351
533 734 741 716 887 217 205 843 177 840 434 317 577 694 786 55 695 911
348 443 876 820 867 413 467 61 766 397 977 527 617 412 440 99 220 23 714
781 34 786 745 636 760 666 169 508 177 334 63 477 324 7 755 320 986
245 415 224 32 450 291 756 1000 729 244 700 529 416 8 65 96 239 120 557
437 450 985 118 583 110 119 680 60 471 686 952 602 573 677 360 865 975
6
694 533 734 -1 413 221
543 738 452 558 451 687
512 286 290 678 814 904
278 42 293 197 243 -1
393 381 810 807 237 122
184 144 364 625 573 38
333 169 698 326 278
683 73 484 225 607 216
731 605 905 873 471
758 215 335 119 271 124
471 566 669 322 407
784 959 588 989 269 309
531 434 12 873 21
920 813 854 960 14 313
898 956 374 398 500
331 995 932 173 655 451
55 709 396 133 920
5
825 695 410 759 26
690 71 977 536 248
263 430 984 210 313
112 113 879 146 -1
248 333 691 10 995
418 379 361 374
391 977 330 143 385
735 828 977 415
302 513 324 422 421
644 763 315 628
510 171 346 802 642
494 17 351 54
606 35 375 772 832
579 678 132 554
3
341 501 721
716 -1 540
410 532 603
740 355
893 651 498
96 903
289 510 10
107 297
9
488 447 283 725 428 768 259 -1 214
77 12 913 352 667 281 286 861 800
165 606 995 743 899 301 213 906 841
-1 463 21 851 62 128 297 675 310
787 810 785 736 857 335 -1 204 60
138 978 569 18 896 809 296 979 253
79 742 724 730 196 947 549 357 398
450 588 152 668 -1 609 82 637 997
530 477 117 993 399 113 704 880 173
871 219 795 985 398 697 313 622
69 737 17 666 15 561 63 187 512
174 976 232 90 447 471 905 211
318 71 615 834 333 276 429 157 856
335 635 421 442 71 448 852 255
497 780 741 749 62 743 927 982 456
443 540 233 975 721 485 38 953
714 397 476 779 612 568 406 875 306
505 13 339 740 218 452 793 559
60 730 664 702 863 14 868 618 68
209 131 243 768 835 223 853 66
508 968 879 883 926 761 69 936 344
869 170 845 127 81 796 210 339
43 73 271 872 649 758 989 644 66
951 273 119 753 762 703 300 467
971 939 246 234 66 422 251 56 968
561 354 399 780 380 779 544 795
9
408 37 544 493 203 381 231 678 407
61 940 228 861 674 820 869 -1 590
680 -1 -1 605 201 914 256 725 -1
64 284 505 909 791 510 394 705 -1
5 924 933 97 -1 148 -1 209 857
-1 861 820 76 862 -1 710 308 811
931 390 941 -1 998 292 950 787 972
-1 275 -1 457 541 844 818 564 124
811 839 639 -1 894 11 62 888 964
701 583 80 579 390 318 162 695
693 990 322 79 537 513 685 976 778
864 388 132 516 700 333 278 790
643 970 382 447 489 206 69 522 22
95 62 192 694 117 912 886 642
957 603 726 177 138 284 675 132 274
37 709 263 935 942 218 780 272
524 183 940 492 254 102 918 395 972
203 964 441 215 254 239 965 479
63 263 158 680 394 898 500 497 789
332 719 123 919 856 916 915 878
974 567 303 224 668 573 848 702 108
640 902 629 38 518 103 436 110
291 668 285 517 580 788 988 612 990
251 61 808 415 861 152 575 838
552 609 541 552 905 926 662 519 854
468 243 818 61 146 339 273 511
