10
10
-1 990 -1 545 76 112 733 837 684 395
70 -1 142 459 2 343 209 868 304 832
336 412 991 193 606 596 486 412 123 358
920 313 -1 19 690 829 447 314 484 957
445 570 456 319 482 346 426 788 -1 559
-1 503 405 780 640 40 686 -1 93 626
821 725 278 796 28 357 347 880 240 280
928 399 827 917 797 585 -1 209 807 -1
668 969 745 318 257 544 535 627 986 452
254 743 303 845 319 -1 -1 -1 937 780
254 453 258 856 908 967 698 533 198
865 909 287 569 196 791 540 40 521 829
745 758 836 107 483 559 984 912 261
870 719 425 441 913 217 320 182 309 799
979 656 262 298 560 836 634 589 526
128 396 305 589 363 856 528 463 11 386
694 932 541 24 966 39 47 248 774
586 549 912 91 677 578 224 773 467 876
656 318 165 706 428 444 733 897 487
469 537 73 139 169 105 817 825 489 302
127 873 64 765 932 891 149 961 945
965 311 483 739 729 538 567 200 136 55
779 257 399 764 78 39 553 92 238
134 954 558 666 431 838 688 917 69 861
205 663 827 28 7 123 231 414 188
871 785 869 148 38 705 362 917 839 29
369 306 67 937 112 227 674 81 275
514 360 148 425 624 291 283 576 874 880
254 581 470 767 274 875 545 509 202
20
435 426 205 63 337 930 249 -1 606 103 724 211 252 506 418 332 756 184 636 807
817 834 722 110 878 328 398 125 410 659 186 758 36 253 510 -1 633 120 -1 256
177 682 505 154 154 263 945 912 705 60 -1 372 24 824 313 988 391 711 328 289
938 747 530 281 383 625 -1 906 405 -1 926 578 137 110 688 336 921 13 47 113
526 214 200 914 763 768 849 44 325 2 382 26 889 936 780 687 725 237 570 582
136 365 505 499 776 538 219 184 633 902 680 674 151 257 148 638 582 116 83 748
491 669 822 -1 659 670 878 535 819 853 868 -1 958 34 990 -1 97 951 102 830
809 654 542 646 349 474 202 -1 755 979 46 606 770 224 867 -1 747 788 441 194
-1 802 632 353 326 -1 705 119 758 787 723 730 20 969 257 42 -1 248 748 770
886 342 277 681 594 541 425 430 466 763 482 731 837 825 919 583 33 82 244 211
816 94 639 986 362 252 439 618 704 845 259 920 346 33 -1 -1 528 769 -1 510
652 169 944 37 525 201 376 739 893 364 291 -1 70 346 953 501 797 -1 -1 522
286 391 767 456 717 465 692 270 485 72 245 175 101 765 302 656 427 307 956 229
874 313 57 126 -1 42 139 296 -1 259 632 669 312 389 235 527 439 300 657 305
514 279 18 17 594 -1 312 629 -1 -1 -1 166 -1 395 467 723 107 536 638 202
6 60 739 169 309 577 157 -1 968 5 420 968 769 440 959 797 748 379 915 605
427 285 313 416 310 844 519 444 239 -1 522 71 715 277 500 60 880 587 560 -1
692 816 229 -1 991 538 -1 807 366 803 302 -1 -1 675 653 487 299 296 629 -1
162 983 -1 991 361 988 233 50 132 436 119 651 806 919 572 861 578 311 874 27
327 169 29 810 766 243 306 267 944 980 121 909 326 748 902 -1 282 550 583 52
157 521 279 32 862 471 485 664 710 148 673 299 514 116 707 800 194 107 549
392 671 484 165 521 769 479 753 764 440 579 908 570 859 316 712 642 139 750 736
905 180 618 550 425 501 309 458 596 15 938 242 200 237 60 543 148 755 877
740 392 740 644 803 916 175 563 506 23 748 805 207 118 5 225 496 403 655 804
177 611 725 330 669 878 810 367 960 254 731 785 607 850 908 903 81 507 134
457 758 920 526 882 732 959 246 306 509 488 704 859 857 206 99 919 902 442 745
749 802 414 53 159 579 671 129 65 10 859 179 651 977 877 321 569 407 93
45 77 794 253 440 909 427 938 689 808 334 993 453 173 504 355 789 784 768 354
851 364 394 395 455 357 619 53 271 162 697 8 490 756 285 837 976 200 585
86 476 868 619 976 988 824 553 811 643 527 63 876 459 543 185 582 20 493 160
952 792 972 554 602 231 685 761 820 780 677 584 970 911 46 504 764 257 580
944 463 333 270 187 61 473 799 435 930 310 239 644 583 64 600 34 804 778 791
835 110 833 453 298 239 409 152 710 767 495 486 182 971 694 410 82 497 172
308 720 109 870 247 354 614 544 389 662 122 131 469 257 107 632 97 417 972 787
196 154 902 295 803 787 322 183 247 754 704 508 466 463 555 943 136 819 660
724 49 981 793 364 664 492 31 588 334 694 416 737 1000 108 596 111 80 23 319
540 538 7 301 793 824 929 960 330 406 119 330 669 924 798 597 181 765 215
776 910 918 776 837 479 737 648 540 238 192 976 270 19 307 561 174 927 384 660
594 544 282 823 623 946 706 555 186 242 966 727 506 723 563 910 34 283 266
184 889 322 875 351 648 482 375 906 489 914 493 885 389 424 274 681 50 419 62
882 464 396 159 496 737 409 261 45 174 983 899 607 815 168 472 667 613 677
588 903 865 511 304 382 694 287 766 238 319 743 913 231 926 186 951 114 362 73
999 181 483 275 217 891 771 538 619 453 693 192 40 987 221 721 283 434 350
211 433 352 703 565 430 262 302 655 526 902 757 409 621 675 959 777 102 634 937
467 178 432 505 284 230 673 79 779 951 47 424 239 527 139 773 983 579 118
392 215 124 872 951 689 455 958 566 785 99 539 884 508 351 707 845 764 376 200
191 31 596 555 745 349 980 9 124 520 78 649 533 990 690 744 261 514 495
436 584 534 586 77 219 699 552 364 838 658 839 288 795 799 29 626 213 538 434
625 999 555 568 977 285 79 69 376 485 213 81 42 554 455 866 280 228 617
974 780 769 760 271 90 572 836 523 151 641 619 111 798 751 309 201 602 637 213
460 973 792 724 488 70 278 803 402 674 761 916 476 673 302 680 676 695 980
112 476 44 804 388 358 783 222 631 569 308 996 522 414 243 365 849 478 26 246
338 38 808 241 101 691 917 159 517 692 696 260 745 457 315 664 177 163 365
323 100 710 449 940 290 484 308 874 371 765 832 157 290 728 319 856 184 206 705
315 581 22 697 745 624 995 302 668 175 977 751 382 446 416 239 805 305 713
128 811 444 82 230 747 797 572 100 936 782 57 358 823 927 274 120 758 135 692
516 696 369 222 503 892 486 89 810 162 953 692 871 107 835 648 590 216 927
479 444 97 741 530 842 828 574 177 651 427 98 448 815 663 91 597 287 14 729
247 91 273 760 297 187 722 218 115 593 91 315 508 503 360 382 821 613 499
2
-1 407
273 562
256
847 70
644
10
664 282 738 757 366 378 777 37 732 365
639 356 839 600 158 934 774 427 875 253
736 946 842 956 545 765 761 248 786 61
378 400 306 960 531 593 -1 620 965 519
404 930 920 467 686 331 -1 441 802 758
248 561 138 577 -1 576 122 152 988 781
-1 451 419 782 502 787 282 63 218 171
729 523 639 664 968 675 -1 249 52 974
187 71 227 867 786 727 915 417 929 478
830 463 821 453 535 -1 118 501 44 474
290 53 1000 798 11 160 434 919 930
212 154 692 25 95 445 12 588 609 918
314 345 494 828 621 987 390 172 860
357 486 927 911 930 733 686 967 442 929
17 104 511 922 748 686 151 589 858
291 523 738 352 425 883 384 880 722 301
263 488 762 320 313 685 156 732 4
96 101 529 373 619 455 273 227 653 295
131 403 919 342 900 848 456 140 197
235 650 978 688 943 367 437 284 577 955
66 231 26 688 393 207 89 694 129
815 346 382 131 918 476 469 228 527 490
353 462 188 394 801 526 80 472 318
853 609 507 986 627 883 701 519 876 553
106 942 542 628 676 543 474 425 231
667 979 423 100 816 483 462 235 518 206
142 405 63 74 433 378 943 955 84
917 293 141 696 305 345 574 848 120 652
546 533 847 526 411 670 806 661 222
4
663 76 -1 -1
447 721 95 607
295 487 389 623
262 224 206 599
585 1000 133
388 573 32 777
998 673 398
25 986 820 863
991 611 71
911 403 590 75
356 666 165
9
726 437 769 82 855 277 804 700 373
261 269 420 969 533 739 687 354 363
551 291 852 295 420 682 73 653 485
345 326 642 741 350 -1 120 -1 226
336 294 507 346 162 825 429 156 409
990 285 497 233 921 767 231 487 303
817 -1 -1 133 167 328 562 524 182
316 79 769 92 -1 810 450 -1 66
324 747 424 332 179 976 520 895 503
938 322 637 394 892 521 358 814
395 323 480 334 283 404 621 695 67
693 738 947 723 488 351 590 246
348 398 834 238 821 128 116 387 707
903 886 837 621 702 391 829 267
363 302 130 69 599 883 954 165 12
287 714 235 412 900 328 8 679
607 971 590 807 120 248 435 967 749
565 348 38 259 800 578 507 833
286 195 366 546 644 258 837 602 420
640 660 902 894 996 564 178 603
324 909 149 134 185 328 837 533 199
427 562 782 368 404 800 521 571
336 857 145 739 56 28 944 60 450
826 850 534 457 924 240 759 799
771 467 574 514 685 705 117 323 230
237 224 544 52 740 94 199 988
11
584 93 159 283 284 478 133 366 880 804 883
706 250 858 826 315 286 70 10 384 737 723
983 736 967 607 636 339 107 995 427 975 103
244 630 664 360 967 704 949 956 143 562 768
775 158 444 148 547 679 663 -1 572 973 909
-1 166 449 289 844 255 244 28 860 495 42
347 608 711 287 29 373 809 459 91 276 697
-1 710 587 322 847 515 15 253 134 463 245
-1 283 534 563 420 643 -1 71 935 987 988
310 529 654 855 428 -1 704 487 252 580 121
94 633 316 891 182 884 851 545 293 239 311
540 312 682 604 264 672 866 109 805 211
985 462 365 796 813 516 87 242 951 690 101
268 544 352 888 16 132 570 263 860 131
398 143 142 572 99 709 662 563 15 981 512
768 627 577 677 113 299 48 278 651 566
766 110 787 278 65 996 828 675 847 616 569
974 191 121 662 92 468 352 392 751 566
500 981 168 754 341 533 969 788 356 330 363
395 274 477 436 821 205 32 487 478 226
963 302 923 229 203 401 891 398 17 135 249
850 846 298 605 457 930 58 321 553 66
214 493 543 708 995 374 860 182 151 169 451
41 707 546 592 997 204 866 685 135 888
401 886 942 184 217 84 864 131 97 55 859
227 226 310 607 17 130 757 76 550 607
140 522 200 319 565 379 632 236 395 117 686
990 208 98 705 170 807 124 540 476 65
791 521 129 48 177 720 649 284 630 41 381
789 671 200 119 757 501 713 221 977 357
649 223 24 20 472 937 905 223 329 723 788
421 539 303 271 645 53 615 831 201 307
15
356 334 594 379 204 172 64 150 989 48 835 356 408 540 939
918 139 482 -1 397 193 255 101 909 968 962 -1 301 850 384
280 51 622 990 685 642 6 345 500 897 416 796 409 541 732
404 177 528 659 551 79 421 907 673 277 66 -1 867 42 64
815 682 188 734 848 160 122 478 955 434 742 450 259 423 287
565 300 617 467 41 228 909 318 906 792 685 829 771 73 93
36 -1 -1 927 660 675 53 770 989 597 767 624 602 138 964
559 177 607 902 233 120 -1 552 -1 684 649 703 975 259 111
704 555 890 48 815 811 524 95 790 456 245 539 712 795 909
210 96 482 763 36 901 905 43 932 795 254 312 813 310 919
198 302 -1 14 481 280 667 100 160 190 32 768 700 358 695
766 -1 626 13 799 489 41 952 110 788 605 -1 451 652 921
948 724 356 903 -1 778 325 223 395 576 262 795 781 463 679
514 -1 548 339 841 249 285 56 167 678 88 507 636 710 655
97 -1 235 657 285 219 981 872 863 602 -1 64 665 239 -1
881 684 779 116 208 26 442 870 832 314 830 296 161 755
821 708 710 19 718 43 375 900 173 139 897 328 963 358 406
796 528 884 83 512 996 618 812 430 946 990 900 191 592
162 967 156 309 984 455 997 874 666 125 45 29 962 158 985
27 300 794 761 644 764 179 681 572 90 836 241 791 532
548 278 560 474 466 87 535 419 954 112 223 555 367 784 602
934 497 74 218 842 137 763 281 586 819 878 41 280 74
125 791 79 439 43 723 272 315 521 582 24 499 148 499 482
202 429 635 94 787 656 966 582 561 196 779 237 833 905
558 355 863 947 889 940 207 965 16 163 248 976 124 167 626
842 292 739 607 685 461 735 293 186 692 91 980 827 287
798 363 405 527 262 809 243 856 901 274 996 230 228 15 22
302 394 695 993 646 339 522 215 56 985 473 291 320 695
403 674 128 414 869 48 391 493 638 790 537 650 266 227 477
204 323 745 60 774 730 57 518 433 794 903 125 40 681
38 51 575 191 998 367 999 127 342 418 789 852 361 88 421
713 312 65 620 813 562 939 764 55 15 116 808 143 421
168 318 576 977 194 112 410 269 277 237 420 838 605 193 831
282 583 438 622 727 14 972 811 985 969 476 210 202 349
596 459 112 196 848 599 346 148 783 496 447 672 95 858 964
926 533 896 569 640 22 434 288 943 907 542 351 624 520
599 331 168 897 790 84 523 959 577 819 671 625 522 949 847
455 370 51 943 815 784 555 949 776 300 219 261 935 948
978 943 542 368 250 430 229 940 937 587 679 135 103 310 608
525 2 148 782 106 945 351 770 60 850 939 589 331 791
884 199 233 603 124 66 813 48 404 689 834 555 470 882 165
766 836 996 573 605 76 501 579 120 896 420 900 112 615
51 199 561 914 576 9 488 260 677 317 219 578 783 92 218
807 550 614 69 75 291 24 961 694 834 39 437 513 746
17
683 971 198 572 472 616 864 116 92 503 745 163 373 699 879 198 480
253 799 769 589 791 424 432 240 577 376 259 -1 550 235 698 102 937
6 859 43 551 -1 7 6 419 904 316 149 796 205 362 655 563 527
629 680 104 216 339 33 458 -1 262 627 899 245 669 393 118 752 891
156 792 997 686 877 937 619 317 786 369 -1 852 480 885 665 227 798
108 653 229 494 488 572 -1 -1 -1 53 463 84 756 888 454 739 143
982 522 684 -1 562 524 325 943 605 407 23 399 131 599 323 790 290
299 -1 601 171 44 403 758 623 780 857 -1 920 567 181 883 163 669
232 116 522 666 793 803 563 386 461 519 109 948 597 372 -1 567 718
342 810 -1 571 510 460 882 540 679 807 95 185 905 912 12 952 400
837 799 116 404 956 403 -1 -1 420 236 592 280 560 329 -1 486 339
674 443 -1 94 841 262 982 432 248 831 694 73 622 278 136 951 970
71 102 252 -1 829 206 473 -1 -1 684 78 796 713 182 267 491 -1
88 -1 -1 641 996 267 568 353 640 477 532 884 326 170 922 572 707
688 575 813 737 959 806 345 471 277 571 694 720 -1 627 -1 461 174
710 327 553 329 43 -1 382 356 519 -1 807 358 652 760 883 615 471
969 824 409 330 530 233 -1 469 323 -1 875 519 903 129 367 483 300
203 594 315 226 492 36 131 578 832 1 214 545 36 91 238 492
318 494 576 558 984 711 645 964 175 605 996 20 411 477 566 593 200
831 528 610 54 652 40 695 844 733 305 519 965 12 166 394 308
894 423 887 479 910 534 134 404 659 763 100 233 861 984 619 192 59
874 606 958 697 466 671 34 989 353 168 868 413 763 128 229 487
12 529 815 118 605 809 755 226 903 121 691 529 273 634 460 484 854
909 109 594 354 710 144 734 621 761 783 229 88 104 743 922 555
419 653 531 160 139 984 352 177 710 693 674 765 60 411 30 467 799
764 294 819 315 475 237 956 329 362 935 632 410 577 907 138 11
729 463 968 97 791 467 861 368 685 439 317 302 666 1 948 69 458
979 539 959 902 684 919 462 217 77 42 4 607 965 494 511 306
932 24 758 670 245 464 218 698 495 589 861 20 599 617 44 294 207
528 992 372 16 120 168 977 461 542 152 987 36 337 305 122 209
751 883 165 7 316 605 867 333 708 452 562 241 949 793 695 375 607
628 557 416 965 44 750 774 70 753 483 194 172 209 811 347 825
272 471 685 988 204 135 390 423 1 455 758 129 946 549 883 569 737
108 766 18 204 352 169 375 864 405 50 869 968 872 346 802 201
130 949 790 629 884 337 413 405 362 749 315 476 160 16 396 35 777
360 119 121 601 493 777 34 888 522 356 207 586 731 177 471 893
149 87 629 500 966 960 26 918 938 490 628 979 652 438 179 421 935
699 989 694 908 524 686 117 864 88 153 332 670 660 675 200 610
820 271 375 116 113 19 193 487 359 431 760 977 184 60 64 589 932
815 692 351 22 225 845 125 913 246 812 48 16 453 824 194 892
953 128 749 104 531 850 437 800 2 978 919 686 789 108 282 675 881
382 126 557 210 493 781 639 728 31 161 372 210 97 822 211 347
132 165 333 525 512 354 964 311 506 127 271 498 792 657 405 473 883
186 847 880 565 532 848 789 569 529 495 693 535 299 612 206 978
769 588 705 542 532 941 512 579 342 514 988 2 271 689 249 805 326
265 949 960 642 851 857 570 713 101 387 212 784 298 449 599 71
108 279 57 381 139 593 337 158 443 239 988 238 926 779 432 169 971
274 701 877 377 689 51 198 745 692 665 754 939 863 796 297 989
733 446 797 165 776 950 159 672 454 664 649 384 938 187 984 533 255
294 191 912 458 761 816 651 265 414 998 636 602 691 788 951 258
4
688 183 890 114
206 653 -1 851
31 406 780 331
929 687 23 -1
65 671 325
821 870 726 636
320 509 427
609 790 236 558
428 540 164
129 673 431 371
107 876 793
