120
1306023735
1973643232
8374920248
4000028485
5095393123
9529705254
8814850190
4825087506
644691390
4361718318
2123862969
4036169749
5474866204
3442592505
3730222544
9058861987
3269642414
4956036546
1554010893
2715110444
3772480366
2723223077
1464806336
8104964245
7028670597
8837228649
1855849515
7212868631
1842466737
8194193398
9951421230
4024418863
1170330863
2270808212
9131744700
6789346188
6178786350
6452811967
200479059
4073944803
6047777011
5464841553
7137020567
1213948418
1349968667
5201521140
3763948204
331670097
7926723963
4533076190
16370829
8403442397
8045463760
4844773430
8080929320
3846817077
4143684867
9480653612
6201480701
8665071985
4882358515
7301742423
9241803173
5911742727
4816833184
9801800864
270577140
6583864323
174970794
5881928018
6637855899
1216614571
2080987139
5009272889
8608766872
6761132628
6541713842
3682594227
1596217287
3266923121
9902544304
7810597528
7016495872
8723115781
876971394
359171348
2025296750
9271417361
369889779
3864654801
2251515505
6294587613
9890549217
6315119221
5581254738
2965001635
905437869
6072786761
5670490936
5336590538
3640787875
5095642742
3567137862
1471567605
6927878075
7995670560
3161903286
431218985
1004210489
2166339910
7870990317
7633741256
6940221519
5501267604
3575147265
6443767984
8388398409
4112901898
7751821426
7011242869