120
2415600331
1731569015
8629412403
698522665
3656660675
4581620788
1709110350
2228287085
9247954454
7052863641
5298970051
5391370936
6579038658
9378101822
2210864581
7783043053
6436079582
2356187312
3385769189
412729693
2017157510
54841677
175605791
2471262196
878045655
8590880974
3889528787
1974159277
9615017195
2790946314
3002610969
2124782846
8938456129
6575140819
8123497281
9714376978
5752662664
1847789330
8422572053
6104085114
2524117637
9500683039
3124226901
5287396972
9036255475
5942657172
4073824373
593420077
6320709447
8233933620
6268203790
6971539803
3929997609
4277612850
2244456672
9410831116
7601166077
5699300246
6798427754
4040596025
9868263929
2405351429
3081081319
4638060085
5388850344
8559971790
7225551815
5485947234
1941856702
9359675263
1503291352
4376242464
1358135599
5246128479
7115348911
3383683243
6806527764
810685047
3402401292
1508693325
883890430
1783234621
2250899420
4177836809
3360776282
2198184952
3626742547
7379610728
9122223243
772098673
5069787086
4327340788
7204169694
3717116396
5177209220
9239286638
5890025810
7550065715
6948225467
713897329
4266530757
2582757462
8157868868
3183206429
5819373894
8668071895
7027883066
5605478547
8069334972
5455053749
8808493914
7487240951
6758055301
3847945168
2263299691
9537464213
58154742
8993217633
6410750109
2589569486