120
1
6
623
860
981
839
402
772
497
234
434
720
625
46
154
63
88
345
340
997
778
151
595
296
406
304
377
808
882
95
211
110
179
554
479
535
233
924
72
318
485
677
382
955
815
71
182
386
485
975
631
328
912
782
952
218
818
87
817
862
61
51
114
572
409
316
571
207
675
58
368
172
775
828
199
83
137
781
553
959
882
231
393
859
907
650
963
810
515
677
641
979
16
493
576
20
728
128
973
374
217
921
326
930
9996542045
3720880989
1906388080
1186975524
9414475811
3683490409
3508624559
5807359413
7738784662
4570173422
2086728550
789478755
2560346676
3491479294
6710763201
4327318465