120
8237233253
6834627369
4298289948
9883513612
4284705057
3690255776
9250592780
6715395810
5063491607
7800285897
8302863618
251059595
8976411455
5961555694
3573858758
2648769235
3588109694
1634043365
2207635326
3386455729
2847255972
1023846082
902891201
1084036994
9463108364
9972491689
6145344667
175974313
8547923920
2013210123
7616848015
6748572158
1747500112
5656915266
7560104543
9109690948
371017251
1461185002
4393560074
9161665355
7516266401
9119096381
1704488356
98015588
6266654625
5623783573
100954071
8297275901
3115496475
1961538309
1375199763
7948297595
9931589246
5032062285
54050639
7914495837
3444308283
3459896192
2740270811
5681742773
9959396661
4846725576
499752433
5000449761
572396969
6318093829
9004458973
2895734629
8727388693
9900979614
4363952004
9676863261
6165386840
7410896419
7165356420
4889948226
48030676
8626677441
7864921894
194835332
4054273173
3283652270
7503169878
821217864
4540325809
7944733933
1145767222
2368496835
6520496288
7253996814
8732033262
4883148441
3195955224
5831989581
7252008491
7207100850
6270865365
5917241047
451669985
5017809839
8860422292
1512857067
8714866818
6864094380
5945300697
6487840036
4260404335
2571470520
845033751
8023545286
9522323716
5213167401
4910107499
8747764338
2404254266
5632841061
2692142610
9473255499
6285885687
7414710927