120
2493221717
5498409358
1266018648
9787069274
3183785019
1077975037
8783705675
4347835106
4712226260
3848459791
8413910497
2225755271
7681732806
7290943335
9360843973
4781402046
1927216040
6607246086
9851877417
3299701414
1674859346
2114488505
9004724144
3731072526
635785679
3339771866
9219583429
6608383154
8251923915
1494135975
5217855724
873960366
3581917214
3693357780
4954216827
2680091903
4798056863
6212493082
7083831963
5062891153
8501366067
2893087514
7053596804
9478970800
7067132464
2095292638
6098146980
9620667587
1437231135
7243646782
70016903
7339624201
3839800137
8011800679
9386937150
7049659836
8059677516
4814041653
2867119195
7444149486
3741376571
4310748024
4066079816
3745168050
5134418694
3266620513
9260799113
7965008608
2496863958
4876601105
7173360199
4292365948
9951724188
2406151609
2117357076
1108566729
5035074790
8454394841
8325830583
5822907657
6860862788
136998716
3287936043
6624856014
2946501861
8823870240
6214150036
7281978678
5972090079
824487628
4959564369
5597132254
6688746382
9177272075
3326572632
9457827108
3173155877
3894315498
2593706423
9047807917
9343132845
5384783313
4461859682
656932464
1730193687
4859070360
2242281128
1061175504
7304520551
6684817699
9092223136
1219431689
4651507563
1041421354
4899445999
4280208930
3464205319
728891633
2694984576
5823618257