100
9999999999
5555555555
2323223232
4545634654
4785876997
939364756703021532419460436239816475966955431312980886485494210621903711785625522111937065684765532
5922486190334742891866365078330395561455734000562407130788870978892485062563173518360485349405617028
951625277917708996290090938380691757402741683763544582214630661341606329390489884363365240130457125
7178918216861430991297257430667902283698947689183120815639251100818492102568107584122196570148223171
7593161984312396930241375791348310559067293192918085249905769356495547073487692560207858345020528218
1168198370456179454718488598245735725262450977955558254318297772313291574005569380361376531738219289
2977315581054295180845126992814525277081760504609879007000719544285292985474947162272767191567548101
9992289423528397383923156893182381543422167232559378954413827637088672169359014571055980863194674866
953384895954187055085438991442538439198452099484671289428459219465104206235603029614941879661726689
3693394224654015606819114696011274899592329007847883279361510640461164778635438626850222882103900990
6042867890882652205033140850557622468351303927301837066436864027375425971003352144687387193969692966
612699726364936786431952506236375085708503888312371999495933315825772037081986695008121537945664963
9320566774494693414879963700091936594806194861615799205957389754628861334280543534204570727343111007
5369358940068223114208857907009567953598321818880611306090376402892308313537755765213693122351178857
1285307707771995909076780668299238907237982764722038036113092872332494599099630973045709936165801981
3332456580462435838930968588581211882415070037131382220431460988754922464029086061305667965016254606
3978176872899232534113986841869387602533796736797278373541547959136893981773011751754226975751479014
5561062175678042914445339065082458888928053922043219869725607932686163886936076111502496093470967983
9206682213339801881574039837323805685465473138322707435454483202854606398172118380059141571505950929
2639790091947323440819144466990217819171560574700050191787870293361613954825897848922550192007445128
8738085603226364278568056208523363688444610341012921759734544741925666078907174889909554433640201437
4040556051369998667009684479308853621062739424972726293004243353400484055234071898412156895234549413
5771347831674927185798290243789477003686293988480569327164573376325148851395707542904824704876756705
5545214823122288811264591287212798528626777446751423467707572784688905718137476212591909470632621102
3560316814746894187579847739406216746463324665430289730859912467659598429268622635344449643280507803
2537599613442302889422165578982343412174362002597878005030885800321212683200554841849377784510099301
3523104635583813899988445613382120137417875209122378200762498390436385050192611672042376407864095040
7424508838248413806314399001042381463993533169331482796297510790583459255303873662212030325360765088
8425636337960765191858973167422686118107411329748232045192022033825257079842944622160505646826802622
6386941084439197130213234027630106698467326456622548960963314320685902300079820749781578847237642090
4325621855340050104531780093818297177212194667550862262778193157189151929860305389672580615224150699
8178743527492973649483801223440377503638914124213973473610586982047344263746498672009711697382651989
2549686934569418496207534758719396807042193535598597482959128951164630985244531505431633297497102787
8943544142361196915648743437808381826057715695752623206662128100735186478578498149207257276449491914
6010844209907653507591746309393915740200855214136139304146505220037572833466028727679842288082335495
1552372060548658936941667930999471991298721975573065269037729535831416016205137363909169444851936530
6326076890426819464298175612474098289250028265119130599744207403024355723672549059148805479704408120
804478857176115606975329899768864413579764854933115162156372344713824942990327980945149624446259202
1343130958938322337921165692741950281446134559143898712328981732592957549387000885009431872409872518
4729548105924576121663380790538528857936429576690627316303884748474352503874285528990634089690595046
5681567467094367461431100455837736403828115000098286644291672113046248732406023568362255760243448069
2189865730115488709096002576571806592877969479731425097108250175124717208137754171327647740342443202
8659340166355502004561911934342541902461066801450361722038280277068939031088959942506860882339819741
4786282179684000634153045277564878359397682061936530397242990964186181087680269569839107802257265507
386562894047584377476369171863801110164413917813540031007672736691434997306036828659447316262188781
7521558583141449511864979084404897785025430481245088597440267170696127518924297447594409587191618303
4182519761012558567493132820283389506586815515986975529781054920365133309346376196737340966248019068
5777090632985315977080592519796725871839099027825778806033362603134786816773037361918550522265044141
2711057215188097245076656715644809954624037672276388718569565680508895285572303396814482940126999966
1101724085299465878793311749769821617153429405082447591553465803836062646235485464797460342155672198
184341559302569622985105152750152929396574527016094295805767405464304415096829458225503200797738907
1950341735916646994788260431989546343442235616768563315156473047276496710866500824268648480132883772
1875873760892231927274569257870279721193000589034992045062981096763615220151228329289665092185787706
7362873125824977357803086710535820878459846372856256681100310342919757742678735219871810360387503350
9649990626394026449324456581749962954232785450430664278544832974527938722053806952618828170178906563
8889906245651200258145970259670529201832296475676174185134697842866152430423255197905776407173118535
5524802203914924421453946500791390409701265166607201018547170261805187973576361804097785996672785033
5663712064319334605997919244176577217100930178598116157752340140400360552451853841529312032107985132
2515362233221341039142352657186994237587777550330207674004326768522722402692334878757418349245409549
711523180481445538866341464316654989664367529690196461724690668777765490352000813690726387173149773
6828053093506471859073104038994143654293699693238037277081030283853527854342823972286885697664545968
6895253831178087635325556558738211457511402616350440857855958221330056721294631183969768924846303736
1491743396774336940301530962658776538756085851742218961552236477137497255665559023684028269338490001
2514996716682905163803601164126192172217198956768848102639268826353299224289944449215918100629569900
2078914333350650544724845413072311723501404401143368753613373595688652273495106668757728269181962546
3205884375803335885978973983099425655100680980527278920205460718024822280209745467113493034722835644
3468450400124295058959204336955656056703805675251033442235932091073164299588567365034993906872248844
4784616608680946824683411279225171379072073411432882142763402295920490608952026599032520543431240302
7348795001767850097678515255234219595109500824512642751403562590735448527228517680777457499525685754
9226534662113703524248261265113365303167314860505741572968858895579414766753122235332049797253789417
8989988694143103035874623120001625101363276340469169337138201381751160085487697619740928659248002228
414273185094756873079081557030906562632279282363715936131293352956372568074953258152651713282217917
2593599533204298723476565533850459847594299035517185174194075369815038921664229894353837378397535654
6929774863012016901710588775586509828615360491884315804254301030056120539870539159992680134753925598
4373312751088640886304370037670318265642040506678933977860080922961838812707268767554714908449961931
7901884645913741109263242516733758672946008219329903126893746842156221924914470237566252091118672268
5361315761198262366459169646653334584186306261775622511212303939783238305228819591509950715549409358
7507379483707200047350572421208362712020265948223613704225199588809486192986473548467547708048527547
3989353520119346332591200297745891441032891429669046853398458284888771055263969163117334315075238640
1845800832984732018464044143837849309395953745481056555005662582199829199855478999478334634325168666
9122837245804036960659038747954474761587626608997988127999303297083160139204319345196191004203557775
2537376962215845763207304436955895266380471689438475233858397932454289365062881314516859642381292760
112005442689248941187265848511020714736884515633387409942763577426120462078608204557765483783547305
6157462473968217346065488076922780742593945000785293286830048341168607425169537798487289176080841923
3441602774711480239946588701586829262642962234732879839759817364839316154747419282666006164604317528
1233270503363605192996110644640483790744938810941396428839365111925199980805098140486094966750691121
529828835248465718070272719869859872523843570349399107410061520607481236316093470774505250825501356
4458587229216174448259264178667213418801351152371494933767105897324392225816969180293669708897958249
2386457037980403684841751868488130572969565302586785226568439213585097345875668094597541285069968672
6943562538367419991499531331073870176594453394387957793544569995089570898478416111261237054887590000
6149245318593792177438441880339613522597314096879918534579188416813203450619742542005559785830335403
2145198874170619004074958711744152360915510092654930356027966179288335622729821434376139705086830068
8808925741701986663029994409988106767687280752930998626658668612445813393000397994195898667946177905
1842837827468173946496307695683668034791207310296666574742390793172260023769785509605312510224254459
3242923530226864441934604314276017603178589717646623330059281823778547139602584529388594370587549149
