100
33333333333333333333333333333
55555555555555555555555555555
54454545454545454545545454545
3318924860861727489296083156924244460288570479397520784125608267868717557330059277726583143144428598
7288360115183088509823675185779608275320859207569062299437715565833395926416405282902885466272150602
7206667114886293253953657952407733345064319139261673720396875797329257856837464002807147032755724800
348104484737851514190661778381263387789465571783540168705010807241594068772681142288582165826241869
5219396160346551111125582484408855230200748872332902887817916028815343124474729132799117765467768217
2601049740547585837710708179721004869208153264500671768616519997116201233029484317371267251878929668
3467097933194622270273512939732880753488702915834124505481878262014816150937085433913319530581185136
5248335595617971584089347350590807518400242434076101236411493938311141885173549395631455685276893044
2011391702077523057971867488932023458455952231703713001982724376546722699670725101335444205076122596
1198991770677145332825600308068300799571336089972963846536451069440040409738428771751858989236346381
8538594044527354626016005552469508247297912302402782433332470288918973683356683036442037603084894864
5921894499609016064316006021296952132788406161747308107111009918899670931277950145080155289320849060
8050655449483513126902890307030776787838138608271823338253771666870994353398343773714351530653167616
1848612611354489866951565838464964117752280559517365938029477774152033447441981263132079345385208979
5788956124910519171822549311038840706814812876302778024192748761074337542611127810441749781187300678
271922290490711217949318968381141862759237660732853039719597622664781164495367535206821245913220182
3240639142000597997039618898393888482020460552290942501037840297361993330633325360407075447119856816
8313973006850856359566022418723351642869346781468337299866632963412605275845324218614498048797218449
2369237168015108337338300608580915787422224370859470614912498758153499190260368652947961278918994323
9409057694835784230287690550016986795866126639511715440633046009096158926963875579475719373422436893
3741616017174632796706755521159948809437775121612151093538291676955938257495985154404581837580120784
8874704534387131159098128160832150573003662011114815064639527764950284813824382247641523896279728200
4231032320462840174704724139993214255733297316461599956505965903198607375517836983643487017485699264
1925559030973830781551829568266979547522662608943337181033059384710798758929258257175529203306906783
3017179897513018130401697226727300602563565300761160867837749866261021690363253993251482066566759415
3443124860574142382813286306748633650664154542109393030844394397456204690984692953802762911038742540
7778733307539042332331971689090013673895803463466985828572747609321520636574728845442278616583797879
2849029819333880113466626153383878892018217717883743767823049237964783677174638419523046554600523920
7434622922337695751463059137171251418180554713745793808302062888011146596309936501987284925678762750
1533657442139094323658748937859949245063010063177536532822492468728063215141528805727804169353060438
4214814902307838608665483778604735051586999176132779581760477129289632375388135724803581442653502959
2091120208748051990901394916187448607606228976165157779503581444185511263840339417391460202724251439
9936427948092153919942232993470501487909354454519649577418139383882915443446050425024029349672531048
1763945840305074692182443945793727005560718913170395277810577581405861020626872236542712345743729370
7998002362270208529614582954782521508801892217835133302745727937764925680653174764901815164916738100
436246626814556184581230417370472862406893478633806809302711372059074273568088703519553443784265086
3167445379551197695132791089451701521113889145469218222287173962563013691988065584693189375407009649
3766782921083709777502401619082191673453172561492884597257564743429592950009572137667720441212589978
4389716815502093370098816766306494974769721761116479305446171113801220653635935672254210237793360877
7096730140715489978861474603809940763108241015017081787338034534996803958913799753262652840951733048
3183782033633120967800355208869430536180217842330093474552192368670165255910349368391191786782508089
4347634264297867357639375552480505766895323288808025950488422069581624302933176517992126307562952489
2017885339931225043398614659938736727098192889213015880046039861462757168280358543042333557512044477
9197275241634712976907338187574262769564980526682690559182058170766335292407509687502521373747443121
653059385507395373566884769617219610860514603522512206855653927989309589124041203985396015098047726
7236473717679592633444995547519216447920081265775562314907102295348770770131560232528334158459523957
8906359208985007795947528639673757099215125707798761579296350529179130351319984842563004396247591683
9134281881583621490194521229186961877845689838719759510275742392747627250547598976299033584574632642
7353658362696952460323081384804961686674779964691024990476568493594923999822309570871182615414287760
9621599209650694152083761344736454269814960914747469371456661028142622922086716633243178183731979478
2195228976954157877162220595609713479710858754581463476024385754946101570050116377473107506940119973
2313952294436665462246516597938309611497483414450402617915650440713665688502411033322887860431891997
4214892502094838263952601881068077757527191339770900171105864975673617842225254360359762240770433538
9466086899458073780001775080992568772314080488564368845257306988644922385721853956139488067058558410
3184311913337086831790172581284170297378231215782150292143649677252285126783441311704162869096672023
2730220994284479640304080863357875951697466856133560002912438704926695760818353311415973484368655282
6217021551971963624198970361493932639939083291165781677122197690128476571980898539659251116469488842
5285085144228369510866788215571278440118385689101752744087591753306109460845912430725025775360843383
3675407889204375945958078124201075209841932360990564473940897160697022365599933144329899298936822688
7501001136523321489322916737132532651065720160460728967504154094472109308454602896758713877568666792
5385504817269033062686580210749256015815161751991281229292088019553118330740206470314579937231520590
5344446113713103787753859204171283029573754820255229575830061240201176164420009436895972518615725326
5760390189683675357935652394211562851585944717690980707726384750289451294411514517760157405740284349
1364719640992918920294191140860689168554485764842867397566570359561335333287735525678325210676632699
9683901628525860782300881399939168585320288707222586129954294904873265686807222433740911715050665986
6670305527785641679540728125424122104505362344233924924343261110213973085859933347574844908992872542
173515600949470962912177751830800873544426850430506998047498832308368033978516734082430284115180800
530946343679659083581813599894172004500319710721739949450993770578261404330913656598910076834956728
4820398808277916937780904906117793291570489179682530602103347417724974875298271306159254526535338325
8209054512657818215181103217596520770930822107844875548915102477100681578040673614592928929857845459
5706358989639639648824185812922482684564863422332314819006794183658042876318009829517037145609417843
6950872516116124997417205873029186375767684077433225495860439288859336188053346996346935088199466679
24760365099407822563818479764160825041148926607748156116664416294224732623580447601440393005553442
1407864557218854756336104219537144150201349536217159164858092118953256664452205037246754429892565004
9499461586268602753949568347247681391283791045401798507567631357855444696225437774411863780067516370
8883317000817654873015768351464593056911057144876592744829320701294930793299212084436959470576973275
9969889973574003031807923818290362713233473770710834559961368359465251782476053051594780093528057208
4670883631919716064646572939790702009138687079577989218960816535887229193915040979369621373726879154
6382893004827153160475887075304967756599656610690538631493776091434897530047897702862217963465528893
4579131053849588234215222362951041494500810597357847378205789634222404123201456995090623615378364430
6546452947983042854089192019697751428635685318250452689362202027868451469121047711372253415350279427
2679358504610375689037036151901672314504669121225105129382822128443962923625982590252758276893975091
1701275563118246189398886204666586973325132049358227072153688833509045292554385287802738037470788704
2741636220397100117554003864146827192551495150471181452613272382114252769936000605448119834765591198
3655660910143216235009473253395429446368507100671832174167231755187941656195447966567181071798709349
1105880884729773660348259320601051322279585241726600294701498186844107274166460496118809429466446164
4697604720251701174929525280528897367065531141920166405902308978280621074321978474666593987581146217
6037333529562880588402629260428313687909196661085867855968901111901022036173239526501901958068305600
3601328127779686896972151020002768718474757217997122277285431591811108930830784811030517815562846556
9330382860070493015843018866543980681347886994062706971036912736372041214465467663730143112573501663
1677473256000105617087692903452885483210340051830344045810762768470609901723918266965698798468565453
5653898424790280464214029738393349415429193296645020340828550839552759702361825486256961200833914711
499788212446808940866263281514948732090056486508551726123558862478941015210760207298547365913576493
393858189038902809064055209715083452651650756722626174151315964196526325253784115328043914886718999
3422410834854775464824056660355814627766786401188276836109303831576150369837116552069072744667701504
1676699258322133998286727524135428735666410389293143805546868100333100700017113100176019111811256817
6672379685727659074922109079985769481379255149967163059250517083549772478783281760743366418934368440
