100
6734090750346033912051863372693838808626871607772008595352419968888944908153494383397367768226653450
5521864632772818803770641937113797896868288336089135809550963849328504357894280015490131583183342829
556297020207502204424745600101951878747466588146575014084367500999460538894204815195658718756358722
6222430524226983109096280246822880364831161933369480826935523386491739385710126476347507002848083229
6877654615016023814433255843820533866047631504007689457492483812019046004118479035497461464792077647
1651645470980984657400816642209943207124404671797203198534945162295738779858418606833766027664415695
5457357759684610896009480367028411891576449740196640753265087499589801611715767105870709836441988238
1385125503207466180211194255870130266551186208631803327758399789582632957001343361476911482346664304
3885490812038725218659321880698654903536504468861582990029713296367817794403157236232107858252973965
3453363835201861042282173090860811844620395641230287957611116868383494560771015704052917029357410720
8933358829080352584551189345305649026064000070383165248724276078201346331036612792851804731995832971
6471338901497061569453133116975304392288727466866214144075994450741039947664366063430515708979112974
2328800282033928724574520232318467458432798585650676212898857128088694506176720978190317729944915382
5310130812573876202840647725820575191082514573058289565381632943165500177920198501331849507941611684
3117580065684725817324651195591114083591584490199568369571593327841647021601855426351127003908198316
379410555512207143828889092382048431277354883552134352626450807960274713799709211820516288104000541
305090620063901766322511654957120525588612616588614593372039218158056846649208205164156958153848661
1318389584539689105260069608329922972666047218123842637131123940281209389335017451863961091887108813
7615408537753935683261739372161537017421991302068283098288189040693863023796589720950099507233603813
187743071929961007318928342797473042174342008945792738536099827719064239577955999162121942404223337
3727238561547782327429073240748338260214486964392538663255481185435110580248700960074813128399758975
449280592181953901960912676964874193460880163596772450822451055124760478779096587437011630348543802
4462836207079318232428978953474767307305401839239113176098786719485366195315897933523606175661623621
4689151720862843748710326162365333267767781501328847186446728157466405855441559521431200946447115807
2189230559957044986693057906107315598963552672106674630252248304571737932994736079931412623091659281
6379509055618988003954713403070131061647260403077561572259989898537570383493731111434308455978020819
3398541900554509631245253857309459183032593071903073252659380879020210439566193490721205295909635002
9651491847572618669220567801390620694199223467488422540894420761880172515380292005426007417750695806
2946869155793010520124830924080534246980217108135573656831394774634346183322352893000035551163328730
8656563676695217780660316226712775635902944618730007229622285461295055345168646053328389621401384737
491629139003542252428409615761215299516659365488805983971290287683294931568530276543341348836802103
5689622078603394838394858362970764179993860392066973175901896698334379688116095994320906721990244285
9562784168418060208956124904962128075951032913851542327389172305613382928618068577906785530468728245
7175293760089056998519848644625012506424366666031626905307198200055491443037576796239448403345333323
1401640167823795139980992867298588405981935893389592020617276961276283416765095454691274164054759714
5777979746971454613365605732981484314356214749090579121205911536836129322519366152979695995104866605
1630790847871769006916585194468586508793391711452199050180519728780345295460144642503388047015531166
4655598008290613656623653681169882563947291248353758796151937124593401531055286396395178599054745126
2749043334295489216672022349534912639026743432166245697180639655088409646506727565442248970342048157
4131673385664333952081195155743732656426886686622340495959353167728124276377536379791478899534154731
6025077778324708869531260859811139402109368249922708661522530008707120878432512725095396230169746980
4976596222371767603919683897242562713575125759876195561739144648934321453533120372262680230320798678
7708370332318393215302263796436504532835682420908618975889237730926184014573433949575128935413807404
4292834087993125288904682411735972585470588521989698574137893411727564400741219734325272696105888504
8750797044911816944000694510178820240862786717871202315150549753505922598741970860489670628668641438
236258576763437534986883340349405908664092382146408405045828846614800684548067882184609152118811418
6470726836603863966639598296810499693890575939692675216846424540196740336438200218932432035446601510
4675301985804263511974806227199210915786996770333160260446981490107353344834508613064550714819129131
5157686429659988045256915361449137556234742240427217826549926745056012374689521410348727012008038572
1911272928351542347072647532124136550779609294878958415510457522861941919047886419891087983752954813
3362118386539905108329455221710641740509978541912951350752787208316200992890309337660666945915379705
5379638784480140027345291739330736542594817530588027800163772789324350370825173974616511143129609711
1370792291926356912346428054975223426521847945041153892966742850432317457348729393646197378693871298
3998458422064097405958043828465277277813913322916380991607112173588839622798080264346874000623216114
4966152959241242662353612859637471130199871845552029631065336536594081145309319830008523024082496516
927447809902193009252370468824799861676935579030083388572511543627616069235044806852396045348296652
2047501219368028618547833215464223414034130506503168192433891381106212362521355731467685065791797597
7829839802741671991511090985209244306550073798432701289226117329255359203679390343890226558257811724
7547801023785590867272218576239811369097553020648127763861952048187141086823675312291933052606221698
2157317679787681165220478204207048333379648532024355438944293551795467993023355804694122437872962179
4578715501166086364010937123108210221927112209510284433723383538554417151061935116635189171641762547
7020054505684147074845979630635493558716661997503258400028224633672764100590470308384816687609591014
3940211874673667293976647809800407396415754334094120015567379027035546221608949998926276447155665823
253885343236200356262885743921207259831759469690412398691834957296259998051874790217782165300860420
6131911766913834154212855770056435781967159306450071572977082245776971458893150302538195021571279040
790231743485032985243459137107566146754657191266786234504569178682690928768865304340919544529731483
3783885338694603204819864201573135097301785440203829080405329463899697110629978403988156835986849929
1280301093186102984812880204944340494719963779991417804404904054339184305115297858620811244426071398
318614570780867792610430335896287676543407756601447736128883957234975918038348608184889268563631996
9499614998882789115450153214641242944654721766175682268758921984994330241599087394295501376843810724
1655286792686236995423020740528112695808866341100805960519102577705371298630928791613940373294874661
4255250789171747883693351104696942130378694256037091799773399790736328163362703400208914823136920448
2267934246544921734160279896929559374068156737246017637619722304537006034493481286664939205036884551
8201509037369624106903987116542889491635278361580413964551639947046636963495491475304564214600981719
8154988205660193795811014918755250420047580961398181974774919446023210235394912420511255549273991443
4327170977032745711359178344020276011786334612334829091902887024809648263908469966272404412669846502
7775568718480595802089136932185450129927423922982758841019061265268910686806964167472698949106347599
4959824360581069823075707123457872939599941584725035848424855423607148784444813152683397958202339213
4204306617739033862206959411809303328479773752075615846452783619945587308447511242010124797388650592
5857074437038586025463180739080588126943658978674655427899680357963315280956906063377121207853825900
3822631541189704154427028872991531490833624136562695994471658966774217556023899333957540083852577453
5807691786151468242779237639330615538590692931989753375412423985408202137237182855736634453318057799
1958379833811839387864284758705497479833289311724914470094982679693716836412187583388846191010509478
2998067655696368235663020197695021620499808112300196144502843386354455190726998076408407410158777731
1080363372163194459846913254974805934324611550059275269582758201340608489666847902619883866517586740
1828428490252974629095817521095893868742823478647746533179645940198844534623222892505791933420106848
7938742262134415298764832339663647698289495439221891619238545071058410597096588135860300640379214994
5443242237998909643517862299607246707108792788277907960361889812952162634112674687145425431593657129
9008440059896036955131380255375433645591592083723966425029910685443595499594610777946083745649279970
9158348671050024297201069010974271990650908395752781856255704601595335049703802361289251310109503598
5097614070400393947528094373457056637886033771388383394609828757907157899131183162534797395527756704
2925583058295953892809151589362374556641951193045981194222281634549667823728066247427910756928008681
2731555122533372037020407444221340189034518026344256670882891349478354677251931678583498253208721694
3953653673455697307454285540465429245145597093481748390689283259564569292853949828456285892020409327
6939870506323450181968145484926823042902911145105510201360888205664848159984511105885744134714330993
6509691494893150745404981306092974292097602622901782484887940770509866268569254291589414093042845133
8366013780248242008189070753922624013837637431952976488245362364322234237492822189224356418436046551
449158907217076744633611259323827836378402408833718218352590091271900795307565188474013285994831278
7004919951880548856621274353028171523055361611370779979025783930750242165444847041793478960400123573
3053553693533420795206645197484520518552527189312626625152450831067649581655562605152477041579502336
