100
5165284892625362264886107069503539194448405174064858285665464891138488196446004215017260800061636116
2592638739990269443266024689786031631986026852483109406845977619666556804636352038591229428960758893
8170945491459521374275627223337736224915169633073797079800176107651623277911833198621098883297248869
8211923996070881600239939649365340708955611432816921161001058557727932964161202697381441791768674759
6732319321591928439514719426241412542650292096877702954699432368016507487319704244581427278442183214
7435328788662774146272762359284960557192793637928751340286130528592800963600626858632711617327155430
3210329565422979160308485876112509679265109279628258490595236248987434834853230559674519007051049545
7377878813286329551998998898892518747253396540467008944095795924302886088455344123507835955805414908
9495523115765834245380321239640178642352898402681290847658714703891188952910700888187907220491300057
6581629798419452337116633931989208564691837857789249289128823958782780428888655227514336443507914969
9082061996522885948581311621321878985006922517005167619603812225825210617665635338458846935434844005
6032473392472370152224373444852798936878081135935390766398240117470784647119605938164588449149160553
4904884453020147235190461393941418304653997181449669236967736179138739879539371953490264628192644862
255848730669398930471375883825413476238622862689922375199413313596882542426030003264674757295800887
998212151362230079968493728761419435837471708086030169807898143656830806184288977624252883391120778
8329591066128106735294709895036158416759568049220607859353728166963577514389896021680378311489578394
2588028944152036046762592498421631157523337603466529245434198143564867851518475556286776820635874750
1882713664582026355435468434078744670874649693469803919504423391315589830464371727737548020406603959
9113564801942161795846354916054868747039002601031589747607597433697176370444841624007890327938590944
1362341854586920310441406193186151615982801230780901637740637158047527015330716654823831410673431732
7520084182096802689172260947178705280995862129553209228426907549912583396129047101154872404840467697
1267637756845036682525101585038531387958506202798214746558709312421218132985114581503139433025301250
8636779829933997958857871377697935679343707214165405690022294351747918988105136535199728398745435025
4544547055009280226580567415652695543940384494189319642257126201385001321801639540501736586508511925
7732416193099685163499449000870335047917240125606766251850552976103708657829964915526866827870933420
5828944936703696936531048111963692049762386003709800150593684413703662557777591180139162961981938467
4668273844899903667257088044843599680280200685956593252947221322175552451157473227986196225354589420
2778019306705214674061903134289254338549471305917134651365096269710660654978948435230721689570562599
8842421919035504697709598330559026705373570729030090832409113854091007334114401426215633227810064279
4083183543956923868688179286881573827735897431589110715384215697853463638645413247361710325072874942
2099398276546545239267884783847403281914214343122358856867269599913006172972367593838266725558264922
4159717850574819180734103446628857005748428469531153260941808659160399176707310274957702927654018042
5495922758100324026574246372445703668113102145191474255086692835626869178825285277371343731924575824
5820767245226073802252264983121113541503228620893095292741846525752381316716403223274537010717096866
3160002695865531247391157812574474819199574481825495824801596787187898704558986820599512398399011647
3008079332774815200234843463587187899295921460935101441262380253228475681150215807481767510861406792
3264166090002927627607096015963243998618023109699526405356907681152694023212121337763369371741567645
8615271587511213771351326301440649992223848238229045738680975843556867508100612410070380130849326440
71381414529972221816718926479671785540509030337094972102723664207246451470083265849838856124166535
7230367734661383738038085498311379429980008746666998603072086804088237088784114688354847443747142241
117220311134869207170035882846863314382106462745505800679871883655284798546629253386937798159988079
2916135392985141320834623231004466588623385495508876859886598356231789183662993726957352800963273292
1365172462225963272854654956827905623574936625838180026818499725492013028818941668305244685875041008
7385666276016642197273648159515029571832944009404499235692055010178641073082241696944595828893614592
3679179637102143401093502865904345572335947275653321378811884498391912509276367564024414861434060948
1277675216093249453427534407881200358672002613002066210204858220713799980579948819929696221469599542
8179727096843887620323029209774854383360843644816249575454874315059076789185402988564541179463623216
7166719310919966620319967257513053230488382931561893265127023860030830552393746065196257365678584525
1411152205843617203949684620190237121768617583631435607774612200225585359502875568522785287423483789
9180946703344215095654440436570999086103238708546486231789815404365784381037602182851996686880987528
436929380520449132707578523530080653044398027811876719507477708886404474643137855062235320913587418
9257575393277940605088870030229565475733678817631477428823361012174417896994110136015216169629901225
2051412682201936092512314191057745001984361439504759337821231800868710071732066098760847005794843643
6608216758452373514202818595727702072106812273097375763707210139522583751125338925792129959654291578
7178856081326350208229654856912806095268152889416754464263289419916246462635033179987195362710213474
8562465077202735629241548939390595826517718957962024289639067980496092183299187162552597945650517775
6669151234376451411087575204505393432782646716769792130392048960426413491139161535522377578720749064
2277600315800382026741918468725979889331813540524004303815415153486504984464322168513219817231035453
6276366789225399326285032654967179157351824294164615735658397889407753671162138554605196145727203303
8499667406997289988550269984834673152098048173122289901090438098232063041288011107503472657158161698
2096945150864237319414796735798006865019341714664656128548389131416234940528234656641191412880949862
3790813064941235114790036976367449121357049426504296816456665360552012199520546334067553327365144327
741839194344048256935731224894079738576143346429685420614641801461505554414354755378256052499827664
487291176876606089448064731677201168279233517786162930244093100551611039463815241986816346893674105
9296958854462239434370508733181418272424124151596595882873427624096509300220590068015515775771627019
6436271754037145992102994563188287240668352153697593021477240003409875464919296718008580331965466179
5192821983239546622103646414237577234942161303559727919253240507572826043958344900379450972376361677
9504574436126053613767223657620248219172217905479149780439518770682143521057154672536875700004071493
2620070103721838500754980226900675851422428469910737200216078348136400504198109809670866178952580576
324125097573837378544035024341132253272444270397260815361302594013824449837893857002094393838671268
4607589869949996435778361596721906653719165260787080829935896181146653789379366171801997950019034725
6666172079662393034754072924486396291133773442036977476861737228865306178132947173361682604145835498
8946862120027844709855107973262116129271850727236647476772027532314724765677430488763575742430871648
8752968401251165777817741528206514664125237822222442146244587551648145863869135159261510723633265356
3674148420521513998075248439255546121107107969330380064909581575682567428318446486380377923769265391
3710902059368843048726529036300994633140479076055051355522453976357629006899777415518611330407191318
5944531008500686817294247426025395471235126337954088209514705523333047606044742442103445527651831255
6959630852429190941685188568983444547534460894045495479735996694738496825504342580805743622181665647
8159083661874074925552238616500756693164391263588995675220169123132902483367334887732559643902439073
704993289443143145273824957833837375877748240862690620472064662468230211785370710169119538664565508
599901045763081274908526041166929572182174262503515431239168252956887841519427605998585773674097018
6655230055757110451636364812856364328560805876916238970029325180627492779422178963515800811270419634
600648630941729680360963667874329404059964430215605481852584834280343960687505284173969091404756684
8943285942400837784372365679634493560845855041133238009372041969786395528276312753218355554552615306
2654034406661457795962837642766141386522536680439818130439602407587382575986456259484884292195899329
7717095543901219715644651564328494631028631854498784459117421598526564744637506909319136449182505169
35921859014587054493263592738671308909380959437794033972203190821429962002052316775270055579871693
3528717918917395893424410522735018288112283649373031318403050540146545832501304995222326899535009326
8351299902905312634821055814086533448331578610233284455398683681698335524901259660758943224608542737
2154001005689721343362799846609315584758255923297771787777558522286614080790832384673810194702478999
421644399590297440730647421449791466466541879069881747565271526246095491771288188244195239643103044
336490177111859003725493476157647359476595241577541249165285752021413414604496351206625920765963795
2366882695669645413325503430506946577638745416200898175645597238406521916437063905372876203915603408
1045672301807768060190666731718010671221200055166546473191735086785260097244976218684976561917381251
234952453826649145022896583424095502968030710633850470208353087220101378852343867021944177941855613
467299812289434014851841191446695162175101915496838982783297446966166386210195574535625573113115228
7018911231390274236715979850022628766633000999665861360713807775042537502176472076775366347708220392
5817686830197909300238466641256640917569666949307225829289779337849114290758768005689827189697441131
2024102547620242826642592784727603170133881518378484940633854860774382115320046251245251476545346522
2337475963814287806634420747804218809053522050717632778618828385446029690021769395310506549577676799
