10
725
519 198 636 425 1000 668 849 353 37 646 940 647 107 675 945 464 12 98 72 377 341 192 283 845 818 499 75 69 566 234 793 84 431 781 509 431 800 357 135 836 354 74 835 812 101 131 275 112 229 698 488 569 889 122 766 707 621 840 775 186 426 920 621 856 52 481 638 851 837 125 687 542 198 873 353 650 3 979 113 231 676 600 152 917 74 269 975 46 108 101 583 885 372 203 93 423 684 82 274 872 206 312 766 756 184 118 405 186 449 518 417 476 469 920 392 542 188 718 587 647 819 169 532 190 724 624 613 407 57 238 630 263 549 395 18 732 865 422 917 313 291 685 140 760 604 532 653 791 601 240 438 419 760 969 961 483 944 925 241 1000 162 223 614 710 969 631 441 833 405 709 497 695 394 637 806 997 520 459 788 120 50 225 891 161 545 203 996 840 127 588 839 288 810 453 349 779 435 789 963 839 497 812 886 890 448 691 239 319 501 26 790 902 602 680 415 498 234 410 337 360 997 527 999 807 331 347 937 766 487 899 956 984 62 841 225 861 884 463 179 736 840 321 638 793 352 52 290 586 813 626 945 809 505 944 967 835 642 903 600 129 154 556 464 215 748 688 76 631 503 606 719 694 926 708 487 278 111 776 863 923 754 159 731 258 454 50 92 96 952 44 224 457 951 687 24 698 726 99 681 580 56 399 274 982 106 112 611 216 239 473 490 992 631 220 601 85 621 45 532 573 88 107 381 38 145 404 87 870 854 119 802 910 869 427 243 326 538 853 893 776 325 382 120 307 954 720 743 574 764 274 498 203 380 879 592 524 282 679 746 488 797 899 397 18 325 639 343 214 491 236 341 167 617 460 825 570 532 920 496 295 193 993 498 925 871 89 800 505 119 897 992 268 795 740 285 471 730 627 684 572 862 377 90 831 836 914 752 367 833 247 14 378 240 863 654 462 303 805 966 422 702 309 41 848 400 325 319 481 303 354 52 517 730 493 347 918 407 450 636 591 697 649 320 936 511 973 397 814 778 715 587 831 375 627 678 775 303 348 607 605 54 659 473 135 151 171 404 909 621 40 852 317 688 171 604 199 496 352 12 625 66 950 455 793 576 484 919 878 184 525 834 237 535 659 723 38 829 127 946 801 166 149 469 205 672 424 403 167 776 766 791 193 67 597 985 642 80 903 871 615 780 57 203 314 715 926 351 895 404 649 696 921 149 516 125 820 940 880 986 715 997 128 907 64 76 244 57 156 498 928 122 277 984 325 943 50 602 645 944 5 645 991 277 794 507 753 613 446 984 951 512 333 78 770 748 154 365 804 661 863 83 782 491 418 458 433 467 59 430 411 415 74 401 691 867 907 796 480 704 779 430 567 111 859 337 858 364 701 14 376 563 96 510 406 514 967 190 980 378 619 742 792 693 143 835 559 401 630 390 457 408 171 23 871 30 359 80 745 412 93 121 326 541 982 731 406 300 921 737 677 539 479 469 583 973 655 142 725 284 531 181 43 54 204 913 435 914 345 179 325 789 651 651 329 632 381 86 932 653 823 960 544 653 428 126 977 82 267 701 717 150 882 760 203 85 24 637 998 368 167 675 157 818 325 837 801 57 923 84 710 97 44 253 101 823 378 77 257 997 777 973 498 10 84 700 
94
108 688 444 827 854 118 983 23 794 820 824 850 94 259 559 542 302 163 642 477 893 70 733 241 846 705 738 208 141 789 301 248 476 96 74 681 565 409 704 358 580 879 208 25 489 118 566 791 633 559 619 877 628 351 117 825 407 854 32 547 642 685 146 469 780 572 501 697 980 556 54 559 434 613 583 275 83 500 417 67 58 35 943 685 385 59 861 791 264 893 690 257 577 835 
77
708 406 577 756 737 133 810 647 918 774 581 192 208 80 608 274 137 642 216 173 378 626 386 169 889 278 210 497 206 44 573 265 802 150 21 538 634 182 185 551 307 765 95 515 197 702 788 685 696 356 210 73 981 595 593 222 224 802 718 781 198 643 45 999 144 417 888 777 950 424 679 257 541 773 771 737 475 
558
773 522 265 982 594 246 576 187 819 151 340 536 931 537 530 976 887 673 744 775 801 694 550 480 950 90 604 720 178 430 629 303 951 246 284 545 491 212 83 309 362 422 196 293 959 78 620 197 750 715 971 903 408 873 382 709 314 337 780 844 767 761 146 717 6 429 613 496 992 695 156 354 469 703 998 779 780 969 975 882 683 298 784 443 170 517 151 483 853 931 678 619 691 823 688 696 604 300 543 595 347 50 300 167 104 297 945 884 265 271 765 300 568 900 742 89 416 892 924 620 822 601 591 864 424 278 911 27 929 805 973 275 854 273 441 958 569 737 193 186 8 309 485 927 208 578 16 975 469 939 946 643 891 536 506 314 165 769 692 94 573 665 720 779 937 161 88 857 249 280 394 608 588 878 535 147 455 902 473 276 192 418 918 82 306 775 748 470 895 439 915 468 455 635 246 391 147 333 600 395 964 993 3 903 223 889 401 29 790 873 304 981 642 573 62 299 700 809 121 594 600 35 413 54 669 658 797 815 342 396 210 657 740 564 559 962 452 311 991 593 535 646 573 177 571 986 827 270 147 947 215 746 982 628 151 2 637 947 817 331 694 378 987 434 293 898 747 96 208 89 688 743 735 260 271 657 597 97 278 743 396 492 840 729 471 343 730 460 641 898 790 335 627 776 120 271 25 866 366 233 955 53 975 41 664 597 49 261 693 326 355 440 169 547 168 992 241 250 451 881 499 240 567 478 367 686 748 392 904 114 624 210 518 950 602 182 546 650 794 590 327 500 382 495 398 901 838 638 150 288 519 1 879 437 478 246 123 577 989 378 690 964 587 208 913 188 741 810 837 886 751 163 385 484 9 783 385 199 420 886 486 290 886 365 727 715 962 201 292 950 578 333 913 516 892 177 703 632 338 891 517 440 405 254 924 765 36 660 963 807 545 801 97 783 517 175 849 478 727 492 779 656 825 43 171 68 571 225 700 260 115 568 699 871 173 974 635 208 985 950 367 530 750 815 664 618 989 864 447 67 356 225 722 180 619 892 247 189 116 298 448 582 218 498 452 390 824 438 950 808 387 668 689 488 482 704 105 822 568 551 888 923 127 961 454 97 852 52 285 319 702 84 252 271 934 55 660 109 844 961 268 583 628 309 70 461 12 527 282 931 429 521 205 908 481 10 4 684 62 641 354 763 724 605 33 9 11 44 117 855 357 385 437 336 45 858 797 408 384 430 339 165 951 895 72 431 905 75 115 966 715 820 80 791 425 464 799 435 
859
268 641 215 4 77 903 48 935 51 455 670 480 145 834 430 40 905 213 296 332 679 613 398 498 44 188 274 507 339 61 365 606 701 932 609 778 186 8 712 236 814 381 715 959 215 497 350 471 709 997 802 739 609 200 236 652 739 862 510 77 922 226 34 622 509 994 399 694 1 462 929 167 843 644 477 409 492 178 231 200 174 33 290 134 584 877 137 674 738 646 103 659 871 136 281 732 130 679 425 482 493 354 1000 335 349 476 95 840 653 325 391 178 709 32 311 644 908 447 318 646 444 420 304 667 907 936 398 388 967 174 870 459 527 221 145 227 697 239 418 349 563 160 879 624 191 189 267 99 988 584 96 783 355 751 801 262 687 198 649 5 372 870 463 250 91 607 829 139 845 246 839 759 406 717 382 948 258 1 46 597 584 493 379 291 244 180 904 282 729 552 286 452 774 748 702 216 706 882 354 902 127 192 660 884 261 394 832 518 394 229 114 329 74 844 971 317 23 874 598 104 778 883 555 903 630 608 118 687 489 823 588 968 14 247 851 274 992 34 143 737 615 256 418 688 100 388 356 474 262 953 577 391 835 484 293 816 91 410 854 932 232 441 899 597 39 749 223 31 135 365 767 101 973 536 788 424 924 143 249 537 447 178 927 633 661 219 800 103 628 653 34 211 93 932 159 131 33 381 513 519 98 632 619 422 167 758 845 90 252 445 626 698 622 552 330 634 770 481 737 749 133 770 311 577 54 470 59 86 850 572 604 299 203 574 720 369 331 916 811 582 361 788 279 334 340 960 968 461 440 704 562 924 825 872 852 878 341 910 315 543 481 270 841 35 843 913 756 173 180 566 754 540 353 384 874 44 695 841 857 486 896 418 761 72 289 612 950 982 522 616 524 354 238 716 389 80 628 144 605 808 61 710 699 413 446 924 809 140 764 665 626 11 434 386 83 74 350 384 55 871 999 578 224 236 294 964 668 273 107 272 432 167 333 131 932 778 54 92 918 170 108 895 180 541 632 614 614 981 997 21 851 348 598 427 935 243 390 602 868 849 225 299 367 558 781 298 335 187 389 604 356 496 498 887 388 130 501 354 110 849 374 313 548 323 91 483 918 832 436 137 680 661 435 399 570 568 696 256 754 437 860 109 284 357 347 672 838 199 377 948 48 750 612 947 424 54 429 693 885 865 829 917 877 264 315 798 183 10 53 936 798 912 396 82 621 742 105 458 941 481 757 340 582 720 286 357 773 67 50 658 283 878 926 159 493 240 956 675 601 360 610 399 624 5 832 244 99 936 53 391 768 162 730 349 881 367 705 6 433 106 663 715 984 940 225 828 179 532 503 779 892 464 529 515 821 360 758 919 647 162 661 414 323 390 114 556 108 171 561 541 276 575 255 611 514 832 439 692 363 293 822 254 756 351 768 928 62 877 198 61 39 858 474 713 599 940 268 707 462 180 247 737 754 853 700 267 684 138 310 47 430 132 652 537 834 772 817 247 648 14 307 38 224 133 103 822 424 370 528 885 902 126 621 655 331 672 274 14 809 583 412 590 66 416 479 251 187 295 850 834 660 156 224 883 640 326 705 63 47 584 299 948 710 272 955 40 943 228 405 752 810 169 693 228 584 171 830 770 465 679 955 477 187 530 359 826 207 415 241 254 999 539 553 60 810 507 451 753 734 855 856 896 375 548 475 958 71 304 79 887 983 34 363 169 915 722 346 122 488 938 375 486 477 279 897 638 138 347 742 223 554 949 470 928 849 944 886 919 248 316 805 582 349 520 102 264 593 799 737 80 737 463 918 565 741 814 554 878 161 296 453 66 244 922 993 92 866 230 362 465 546 519 398 246 38 851 861 982 649 597 61 385 59 978 301 152 144 855 381 656 502 833 721 97 755 713 541 972 295 902 788 840 420 537 85 809 387 298 790 387 894 203 772 305 532 424 456 675 278 
188
330 131 21 402 228 127 115 768 450 409 21 589 600 793 477 36 953 863 333 743 249 579 945 372 235 476 148 42 503 777 229 184 908 601 586 487 79 52 606 528 812 626 468 411 770 944 798 723 158 131 465 759 61 761 482 295 588 629 336 442 406 564 626 665 517 211 151 595 614 756 475 425 733 942 835 503 238 632 225 395 114 41 505 174 153 987 820 740 967 155 182 724 71 159 388 939 721 538 533 334 645 7 758 378 949 944 232 538 575 808 284 41 848 789 566 1000 127 386 91 93 892 624 817 314 782 204 252 854 94 785 187 90 143 944 819 443 887 50 980 814 857 264 854 56 52 419 407 178 156 498 622 400 473 438 713 607 994 317 460 439 453 647 528 595 590 347 38 829 748 369 642 605 632 847 12 35 617 419 564 773 268 186 172 740 623 236 346 968 
552
806 406 4 804 934 951 745 632 988 573 379 356 566 335 340 412 347 374 29 765 938 153 32 475 676 123 449 263 821 417 815 978 822 170 781 107 120 525 738 459 450 117 815 15 451 506 779 797 879 159 913 168 311 296 642 338 419 91 600 591 507 766 568 680 288 348 787 407 224 524 218 25 992 384 40 443 889 170 591 767 328 504 287 990 151 928 327 921 370 278 511 228 44 78 908 331 777 46 89 353 569 306 377 913 689 768 355 929 937 945 48 264 800 334 253 951 613 579 871 983 209 734 210 252 811 469 934 940 514 374 292 435 680 20 347 720 788 53 1 724 997 48 988 149 381 592 451 993 523 673 327 731 406 889 334 569 357 267 860 223 992 151 9 23 522 355 743 309 407 95 385 755 142 724 255 522 315 705 866 837 378 545 567 135 433 252 703 141 518 914 715 862 64 723 884 938 429 978 246 187 72 630 294 213 353 548 86 20 605 952 856 982 848 775 468 632 26 523 772 896 436 839 757 852 561 640 789 990 618 386 528 689 16 821 902 720 369 339 739 973 290 947 306 489 721 125 120 98 647 244 993 83 82 101 286 994 741 74 335 710 459 863 750 826 683 3 898 403 342 988 375 983 934 32 472 654 157 591 104 155 186 96 589 267 549 874 261 641 299 947 350 110 809 99 287 492 102 184 246 795 172 621 777 105 4 248 111 512 191 566 667 376 13 255 995 561 129 607 201 427 553 550 888 362 1 175 205 454 358 450 248 881 422 24 338 426 624 800 289 166 365 955 541 377 210 887 938 690 493 490 468 398 40 356 759 392 530 315 845 239 116 444 120 538 819 457 315 442 608 603 959 972 558 852 700 119 738 637 160 583 127 627 980 518 982 90 261 863 756 457 102 871 900 573 408 718 381 74 512 988 29 822 311 938 673 10 56 411 647 215 345 125 193 676 994 175 765 254 389 520 710 842 742 961 414 502 30 794 575 893 133 603 715 443 540 387 453 947 149 451 161 493 927 354 168 920 880 284 525 620 155 586 462 897 546 875 750 575 21 324 820 153 279 534 948 818 920 400 765 421 202 277 265 128 982 785 399 213 68 923 833 575 508 294 823 405 520 572 331 892 247 150 45 525 683 344 343 955 95 459 375 296 87 991 775 421 775 173 633 195 447 817 769 306 462 943 710 982 514 40 873 760 542 269 285 224 964 979 530 58 789 256 353 875 247 127 647 21 651 280 215 97 448 335 402 910 277 463 243 142 855 467 
254
396 88 890 971 51 868 501 109 8 108 813 234 354 940 881 727 590 512 293 39 959 628 440 220 256 255 462 398 109 281 651 856 368 540 826 770 759 678 878 118 138 691 351 491 982 231 569 923 94 862 961 53 841 753 624 448 7 438 845 467 718 847 322 437 738 499 558 848 529 436 965 666 478 316 508 811 898 77 733 992 290 46 396 482 798 19 929 156 456 126 622 525 324 943 313 62 793 871 909 321 658 226 986 487 541 846 297 790 922 381 133 563 426 528 44 223 899 324 378 706 801 999 231 125 293 543 186 86 765 446 758 422 671 96 908 563 941 204 353 214 937 837 776 362 365 171 585 263 846 314 320 647 665 550 771 309 445 308 394 209 105 504 983 128 599 890 690 539 446 394 752 382 231 879 95 947 401 31 561 246 345 880 892 9 782 14 317 578 321 63 786 426 918 120 905 516 362 946 406 159 340 509 892 922 387 986 220 787 17 780 32 713 11 276 73 792 289 741 369 962 803 507 739 72 978 643 587 339 588 344 497 279 852 388 552 590 374 771 376 742 902 760 454 913 387 526 56 675 266 777 636 421 283 374 
492
260 368 431 599 956 126 447 586 978 835 138 567 560 260 295 301 162 406 754 426 792 631 481 818 896 257 806 668 891 531 512 151 899 942 101 206 67 547 791 396 733 928 315 292 188 609 944 701 366 49 126 509 679 958 326 927 215 131 594 105 662 105 607 912 398 59 117 817 958 907 212 42 187 878 334 726 838 629 426 203 678 551 711 708 860 389 634 74 519 580 531 532 36 489 443 786 900 559 602 857 818 165 898 4 43 583 729 880 212 154 435 241 56 145 300 915 533 934 341 404 865 223 287 252 711 730 389 610 640 990 818 457 507 716 460 901 650 540 780 213 45 566 805 100 711 105 367 595 390 59 350 606 281 637 857 991 718 246 953 357 587 770 814 445 837 625 345 487 517 477 51 561 42 856 661 104 960 379 51 349 437 400 954 717 388 162 59 105 759 363 462 346 133 627 790 969 251 487 807 119 963 858 680 4 65 692 460 24 70 510 724 858 261 29 926 649 190 984 753 949 347 214 646 831 192 787 151 795 273 958 913 587 167 592 943 231 283 402 606 704 911 329 561 171 709 486 819 898 822 924 198 520 489 843 702 681 630 852 475 254 161 387 841 679 979 783 261 613 184 866 317 446 546 229 616 254 67 787 504 888 62 701 759 550 544 460 230 525 663 56 778 824 443 970 502 773 752 115 385 287 980 53 732 878 282 700 131 348 838 986 587 899 687 345 448 582 156 30 106 170 85 235 345 527 205 199 651 956 313 36 243 292 88 326 521 369 25 4 68 862 989 654 760 675 350 560 608 857 589 713 27 25 300 371 904 504 921 554 811 233 589 405 877 29 731 397 749 107 400 817 969 741 822 80 767 172 991 375 28 931 439 406 956 738 129 859 593 49 412 756 282 353 160 158 733 242 906 833 701 658 649 669 398 471 100 164 994 443 538 21 373 977 779 680 714 907 890 659 955 654 414 588 6 573 97 90 167 3 922 867 660 923 887 57 393 338 220 738 780 758 110 505 86 888 184 151 794 74 809 101 727 222 688 84 147 785 525 665 787 446 531 798 368 769 854 112 106 425 201 238 534 311 94 619 198 277 770 344 702 578 444 780 152 483 215 298 619 739 962 757 537 844 
554
256 964 759 720 421 184 920 658 717 230 751 336 780 380 457 123 433 386 918 565 537 400 779 186 19 870 499 775 758 694 681 13 657 439 732 78 622 4 87 691 233 190 378 12 921 834 486 353 571 755 269 108 155 400 293 525 269 144 651 26 837 683 390 494 122 474 923 95 477 9 137 61 550 514 425 470 699 910 175 270 665 443 729 171 842 21 47 462 516 49 839 353 732 581 198 205 54 120 299 882 480 436 942 30 301 366 851 1000 628 25 621 292 820 349 814 13 369 860 827 237 260 665 589 991 597 138 547 650 609 846 531 88 633 473 469 933 190 672 284 817 48 904 460 867 252 273 232 973 484 58 209 96 74 149 86 671 286 985 320 246 830 203 685 814 27 506 98 216 177 382 385 224 637 844 443 889 469 674 213 952 83 773 47 156 921 485 826 558 469 498 803 650 52 839 815 78 344 912 645 520 645 29 96 282 225 538 522 693 563 734 996 997 506 43 152 778 879 330 687 699 179 489 700 230 679 514 659 23 425 303 542 70 684 989 703 908 526 224 600 440 957 947 788 814 989 940 591 219 621 277 269 151 117 968 380 795 833 390 169 258 44 711 679 727 699 381 986 577 956 937 368 912 884 156 77 224 447 667 795 419 295 63 569 763 383 300 909 215 689 78 824 732 140 854 811 190 586 148 118 541 437 838 804 320 993 880 895 791 898 689 209 544 104 129 306 486 428 567 52 468 644 228 199 135 433 361 324 19 861 794 559 297 631 715 616 623 594 862 765 492 551 325 35 654 453 693 491 880 259 894 347 254 473 897 388 906 610 63 924 470 856 834 766 486 548 733 460 494 594 576 337 496 900 371 501 352 415 343 583 25 589 281 278 61 530 17 966 139 432 241 960 639 427 77 477 326 809 288 819 754 864 155 602 763 878 102 467 644 445 401 669 33 682 298 445 211 667 411 701 450 3 660 88 781 736 564 107 896 204 277 1 67 784 602 181 13 704 999 656 500 400 676 532 433 326 328 995 992 90 695 441 93 706 880 225 441 796 331 688 999 960 688 417 95 290 597 107 345 596 114 844 347 790 727 131 115 54 125 458 144 819 250 588 524 129 812 316 276 495 3 274 806 42 42 900 683 639 6 27 586 119 870 284 260 948 414 726 354 538 183 497 708 432 436 583 913 247 250 188 93 604 814 898 645 855 797 328 845 154 354 782 273 576 65 884 875 830 610 228 367 792 76 426 576 511 8 488 758 609 27 850 212 840 100 
