10
41
40 98 4 35 70 1 67 26 92 44 7 1 44 78 7 6 37 42 29 42 69 87 13 60 82 95 61 45 24 8 37 63 57 40 49 26 40 68 52 83 11 
10
84 54 39 42 11 75 35 39 69 4 
77
33 63 11 28 75 55 51 34 92 65 90 83 14 68 75 81 71 57 43 80 92 48 70 85 58 44 20 48 64 23 24 97 37 86 76 63 93 26 97 84 90 38 18 55 5 92 87 75 1 29 6 92 76 75 77 33 71 48 80 86 70 56 82 58 41 57 20 33 34 68 68 76 6 38 30 62 29 
17
89 29 97 94 73 73 21 1 57 43 48 89 28 69 96 62 26 
88
70 97 73 4 65 92 31 22 29 60 83 58 28 71 38 77 17 10 1 37 62 57 31 9 97 58 29 92 19 54 80 89 3 52 44 19 43 74 40 72 85 74 81 65 97 70 41 13 80 41 1 93 97 31 2 46 40 82 37 11 36 16 51 90 19 94 8 14 19 47 85 3 20 17 67 16 86 59 80 17 99 32 10 48 62 63 93 54 
44
81 64 31 49 14 20 67 7 27 80 77 25 16 31 97 84 50 64 70 8 44 86 59 75 47 6 89 61 50 42 5 30 5 87 78 70 7 97 76 85 76 4 62 44 
34
58 27 83 21 96 91 16 34 49 43 32 6 83 93 7 24 49 36 80 35 66 49 93 62 76 30 89 79 91 32 64 100 11 47 
72
58 89 88 43 89 82 75 46 64 19 52 39 67 39 70 53 4 18 98 17 45 79 6 75 21 89 38 20 51 36 91 9 76 30 51 16 63 77 61 26 95 64 16 61 3 85 66 58 54 15 75 98 93 80 24 13 20 14 84 71 1 74 31 77 56 81 92 18 58 5 96 52 
68
11 65 22 48 82 80 1 96 54 51 40 85 26 4 56 39 39 26 40 12 56 16 19 89 59 89 98 15 84 49 35 94 65 56 93 98 35 94 45 40 96 36 76 21 39 32 60 77 9 51 41 17 66 11 5 76 99 2 43 82 2 77 28 19 32 20 16 19 
65
13 10 12 48 86 33 39 69 44 15 77 94 7 93 11 18 49 38 68 2 80 50 4 56 29 74 40 100 89 10 65 53 71 76 1 56 60 39 76 3 5 53 48 12 97 58 81 46 96 100 99 27 49 2 83 29 75 74 29 16 35 45 68 5 72 
