10000
7436 65
2340 95
3765 99
7082 20
3956 56
3191 76
8776 13
2002 85
15 37
6218 75
2233 75
4316 8
10 29
9324 53
8027 70
4156 14
1435 47
1708 99
4945 89
6170 53
7696 60
4128 23
3273 81
1408 87
117 77
1061 1
7051 29
561 12
5657 84
8616 35
8154 71
1848 88
5617 7
1138 13
8695 7
2165 42
6666 44
5565 90
5124 72
5928 93
948 41
293 50
5069 53
4113 77
7089 28
7111 42
5498 10
1181 66
5216 18
730 62
9624 95
3003 41
1890 67
8931 14
1890 10
8606 89
4550 50
9890 70
2455 2
3046 43
6729 8
1136 78
8169 16
6043 84
4633 25
9997 56
6019 100
3248 8
7918 30
1273 60
9740 78
5348 41
1480 38
6611 86
9239 56
9828 68
2516 15
4545 84
9630 40
420 62
64 16
4869 34
9767 16
6693 37
2998 66
196 37
4195 43
3377 26
780 39
2311 71
5995 90
2338 62
5804 34
5545 33
6525 64
6046 40
6380 66
1725 98
5382 18
6534 31
2735 29
7467 29
8624 95
5307 3
3534 17
2125 80
6107 14
741 62
400 85
47 24
8601 92
6216 32
9710 92
3829 43
9061 63
6173 95
3443 39
5076 66
833 82
7821 18
7998 45
6597 56
759 89
5070 10
9974 16
785 74
7559 100
6257 68
7644 85
8710 4
6799 82
8499 42
8520 74
8659 5
307 79
2774 56
2776 23
1464 86
9411 33
7395 36
1648 79
661 58
1531 17
2826 74
7002 35
5877 100
2769 27
393 40
652 52
9696 58
1882 70
5614 9
8192 77
7246 54
3609 92
9690 8
9171 50
7165 53
7267 42
2578 20
7877 54
771 97
5533 64
4636 84
6567 32
7142 100
6801 7
2161 44
2535 6
5297 95
398 86
4102 20
1688 18
9324 54
3960 1
5925 88
6706 95
5184 38
7858 71
8422 76
502 15
1928 54
7373 88
4997 7
3493 46
2401 42
7983 54
6161 70
6823 84
4975 34
3736 99
1673 42
7594 56
2679 3
3027 52
8931 80
9366 58
3534 90
4945 82
2996 89
1527 48
1383 10
953 95
9179 28
5731 54
1261 66
1404 34
9907 97
6141 38
800 19
6389 30
5399 7
6939 84
5196 83
165 44
3023 92
2643 5
7553 96
8300 83
4075 30
3588 35
3495 92
4620 54
3988 13
8691 39
2631 79
7220 81
3537 58
9664 33
2392 81
9628 67
4224 70
6171 76
2217 70
1210 91
4851 98
7978 98
9789 97
4451 76
6061 41
1267 92
4571 86
9424 8
8996 40
3192 39
7972 71
9505 95
1440 76
322 57
6497 31
6299 100
6328 76
2397 16
3225 47
6244 85
6339 10
4328 9
2347 4
5368 42
5543 11
9081 14
4081 37
2060 73
612 81
1881 61
263 79
1160 91
8807 56
9058 31
6754 1
1315 92
9162 95
352 9
2098 20
9202 40
6982 34
7505 15
9571 64
9287 34
8296 67
9994 58
5697 53
5148 3
4708 6
6533 61
5858 100
904 20
6194 56
2880 91
3327 81
2282 8
3067 86
7722 37
5701 60
9170 96
4526 16
2553 23
6668 53
4725 28
4610 10
5540 19
1809 44
1838 2
4051 69
6292 77
3150 73
4036 68
4710 10
5204 10
1469 25
757 95
6240 9
2569 60
3713 45
3339 74
1254 78
1493 14
1673 30
7415 75
4399 58
9451 100
4982 39
6467 43
7948 22
6452 16
5098 8
5410 90
6869 30
6949 33
7975 87
1607 80
5516 99
1346 41
2780 12
5615 30
5170 18
3781 3
1256 47
2546 3
4620 49
8618 18
8909 80
7407 29
4709 7
5413 35
7345 19
967 60
6469 12
6400 49
7423 67
9130 44
9784 11
1799 39
9509 96
241 29
2396 58
198 4
5589 56
9784 98
4662 97
5684 6
8567 2
1217 36
5313 69
636 88
2335 65
4383 18
9027 81
9508 36
6876 48
2664 24
4957 13
3279 46
3168 63
7195 81
4611 30
2538 29
2232 54
4564 96
7722 51
2983 8
7668 66
4877 94
9898 84
5229 26
4131 44
8749 40
3456 27
5985 75
1441 31
7155 51
8760 92
5580 91
9798 95
4887 71
4398 69
279 17
1586 55
5110 36
9539 91
961 21
934 61
5460 42
8087 96
68 28
7326 75
1930 86
9618 61
7076 15
6708 14
3286 57
2535 16
5873 20
5070 82
8307 60
4024 67
7333 10
5327 92
8403 66
6940 70
5645 65
2044 26
6702 14
4139 30
7428 46
8443 65
4654 77
6980 26
1449 2
7859 55
5713 83
5374 45
9544 52
2189 46
3169 28
6415 13
9744 11
2739 98
2824 29
2927 3
426 21
3668 79
8698 99
1956 98
1752 14
2604 65
8048 77
509 91
1381 97
5536 49
8176 3
3362 72
9465 52
7069 40
5680 95
5242 57
4067 61
7535 64
8612 90
5613 63
5655 17
7827 55
2545 36
7645 25
7384 33
8474 12
4187 87
6183 51
6990 51
2290 21
9597 83
1477 63
5496 11
2779 7
4852 43
4469 58
9311 96
6912 56
6983 9
5780 18
441 5
8981 79
5143 63
4629 32
4765 70
1152 13
7152 28
728 99
7990 58
3105 93
4600 26
6051 11
2573 14
2118 55
222 49
6624 14
4854 5
7992 96
7119 20
8480 36
2241 31
5300 45
8611 27
4743 52
2236 48
2145 88
1773 47
3450 45
3860 67
251 34
9815 26
7447 20
5182 39
1016 1
8058 95
6888 51
5477 87
2395 39
8214 37
3391 1
1336 87
9988 60
2785 37
156 96
9003 6
3429 70
9984 76
6189 65
6314 56
3817 23
9402 4
7373 79
2891 67
1669 56
3256 59
4256 91
3297 44
4051 81
4032 6
9077 35
964 5
4556 47
3380 44
2463 45
4300 80
6768 1
6983 92
4931 73
259 100
3680 66
8010 36
4456 7
8531 6
7387 62
9064 15
1948 79
5320 3
7325 51
7247 39
1096 98
2418 15
7950 53
1058 33
1977 68
5832 57
7533 93
3592 89
1499 74
6846 38
1035 9
4404 35
2287 23
5837 63
1126 35
8454 73
7332 71
9139 82
2975 96
866 52
7864 97
608 96
3241 51
7384 40
5376 30
6329 10
6490 32
5744 29
6807 33
7443 84
7367 96
2856 51
3119 94
2684 93
8541 49
1044 4
6597 3
1800 37
4905 35
928 80
6116 8
3042 58
692 37
4086 98
3069 80
8133 88
3776 88
7838 46
9333 73
5690 25
421 86
629 69
1088 80
3205 45
4314 85
2624 82
4092 65
5739 83
7154 76
8632 22
4055 16
3361 82
455 50
3779 87
4422 69
364 94
2554 92
4562 41
6123 19
2337 36
4603 61
3569 46
6977 7
6181 82
5482 64
704 89
4280 16
6422 34
7966 1
873 39
9669 36
9933 22
8579 46
5862 1
4964 51
1488 18
9511 57
7316 39
4363 96
3321 97
1011 76
2085 90
791 6
6376 8
8706 48
3847 74
4835 31
6947 13
976 61
8113 92
3711 100
8209 21
4656 76
2411 71
5371 83
1567 82
2458 3
8023 1
4860 98
4708 18
7997 6
4643 31
5036 90
6243 64
750 7
4655 60
307 15
4032 14
1091 42
3036 13
8525 2
9194 34
956 69
3286 16
7966 94
5733 15
9251 27
5145 39
8316 88
3002 65
2094 56
3524 52
6870 55
6418 12
349 53
7125 25
407 18
2558 14
6238 44
9881 56
189 65
2870 91
8692 14
6429 7
5753 30
6072 99
3437 95
2950 59
3502 19
970 50
1524 94
5426 30
764 83
5995 1
178 76
3908 66
7840 77
6157 31
1143 37
3538 95
8367 61
1093 55
5555 95
4813 8
6113 83
5609 36
3876 34
5917 39
5369 64
7992 46
4139 99
2264 78
8676 72
4861 70
3708 98
3064 26
4358 57
6581 64
4551 93
8024 15
7175 32
1003 3
1018 71
8393 86
1534 84
1931 72
4635 94
4002 62
8965 62
5831 25
3611 94
7450 68
9402 30
583 4
1775 6
7319 49
8590 73
2703 7
7943 96
5992 77
3831 74
1500 65
8468 1
8126 84
714 56
2808 24
9202 10
8643 3
639 26
8907 13
4183 77
7714 24
7249 68
8730 43
4215 73
1019 46
5347 71
2862 66
4371 40
3949 37
7647 9
5760 48
9718 55
5451 8
9980 9
5473 14
3285 38
9638 85
6305 19
8427 20
5792 98
4917 38
4668 30
1303 90
1469 3
6826 16
1063 38
5963 80
9692 65
3840 23
4825 12
6536 61
5201 25
1345 5
3596 24
8376 87
1921 44
6876 40
3774 30
8329 42
6132 7
4357 47
444 72
4326 35
788 17
2509 13
180 96
73 80
4273 70
3237 68
3893 12
7254 65
1256 81
5104 81
5010 84
6622 93
7642 31
1039 85
354 17
4571 41
2585 79
6753 65
8827 78
8144 99
7299 80
966 43
9344 71
9707 51
5051 62
8331 12
7297 4
256 39
8634 47
9375 87
9363 46
6480 99
7376 84
1063 2
2761 59
5652 11
3290 17
3953 85
1187 11
5935 89
7524 17
5352 21
1921 8
9759 6
3254 85
2245 68
9430 24
7266 58
8307 81
5711 20
239 63
3830 28
4331 35
2513 18
4145 99
4458 69
5416 10
6489 88
1769 99
593 22
4435 89
341 17
7912 6
3374 71
8638 36
6342 76
6798 23
8756 81
657 68
9350 2
2418 7
2822 33
9968 62
7872 36
4612 17
3109 46
4005 49
9262 17
7407 87
839 44
4423 80
1272 72
54 27
5052 11
7646 1
1864 63
4560 85
4248 27
346 19
6263 9
6935 71
354 40
9172 68
9208 78
4954 98
8973 76
9929 44
6948 82
270 51
692 67
9104 7
4330 63
3591 77
8189 88
695 3
7948 82
6526 2
4921 97
4269 80
8626 22
6877 98
4950 5
4194 49
6786 15
6599 30
5082 2
2736 11
5716 79
4339 5
9318 85
1059 66
5366 84
1919 38
3280 87
7117 57
1760 93
2207 61
7149 100
1309 87
3566 60
4116 47
6313 3
4409 29
2233 99
2285 51
6484 43
5168 1
927 86
4839 58
9624 55
5167 35
2300 73
796 100
124 56
6086 89
2715 53
8688 80
9756 48
3760 88
4547 44
9890 82
5738 57
5582 16
2142 20
9926 65
8727 92
5852 78
2464 47
3177 87
5102 15
2627 69
2167 66
9548 74
7114 7
262 12
5702 3
1745 39
1560 26
4455 53
4098 80
8170 76
5823 21
6553 86
667 81
7224 20
1695 50
2640 62
3868 87
2135 33
1845 48
5344 98
1603 88
5337 62
765 43
9566 14
6874 35
389 96
8107 93
7333 73
5726 56
7245 20
757 84
7633 76
8423 68
8308 19
4867 51
517 69
7090 5
5982 7
4699 48
1772 24
9634 13
6971 41
1805 3
2865 30
5210 9
1302 18
6345 34
3294 67
5053 1
7737 20
1604 53
2740 45
6809 22
5603 7
621 75
5782 54
2239 52
7994 43
7054 59
7925 15
7319 78
7285 63
4511 78
4781 16
8530 18
2187 85
7122 26
7882 31
9999 36
1789 19
3562 71
873 100
322 18
6195 28
2428 19
8694 47
6048 78
9761 58
2907 42
6473 89
3411 59
4273 84
9937 6
814 35
8342 55
554 3
2877 78
4055 98
2995 49
3277 23
4367 71
1521 66
4300 81
7323 7
2174 48
4995 84
5158 19
2468 46
4125 33
1381 18
4939 86
7072 15
6063 26
7365 57
1374 41
831 92
8963 51
8857 63
3632 32
469 5
9031 15
7741 40
7433 8
1986 9
6192 18
3078 31
8003 2
8945 65
7627 9
9473 53
3302 4
3796 16
9006 5
1878 37
7888 98
4794 70
512 34
161 97
9093 46
8557 84
1863 35
6414 17
8136 11
281 14
4371 54
3818 72
6409 66
6288 14
9322 17
4403 61
9567 96
6830 78
1729 90
726 73
5488 83
2456 2
7269 22
9919 4
3284 99
3869 54
6304 39
1678 64
8004 17
4478 77
8833 80
7237 99
4427 18
4829 7
7407 6
9679 46
1188 34
2948 8
3707 66
6563 90
9416 32
4644 72
822 73
1135 77
6989 12
8853 73
843 41
6924 69
2858 4
7775 16
9 53
5862 97
5939 9
2356 97
8026 19
2987 41
9350 82
9512 71
6654 99
1699 94
2610 51
2166 5
2991 89
1425 48
7192 52
8815 53
9356 76
1101 94
9836 56
1291 61
2374 29
1654 23
4610 17
8245 15
4515 43
7608 77
6845 25
9633 87
1566 57
8386 9
6608 1
8661 16
8228 61
7609 64
3217 51
2276 90
2231 81
3665 92
4150 61
806 16
4556 65
4844 52
7242 76
3939 7
1885 24
267 44
9524 28
7159 4
5040 20
2167 8
6370 94
198 53
1075 14
8144 24
4826 2
239 81
6418 83
7133 11
5910 23
8817 94
9746 36
2638 22
715 96
9725 54
915 43
362 37
9036 11
4941 10
3476 84
1685 1
4737 76
4034 7
9710 18
7517 19
4940 86
9765 37
8121 54
3010 35
4901 34
940 68
7328 53
5804 64
4563 96
2825 90
179 10
9043 68
2785 76
8774 46
6945 90
816 36
8975 80
9272 95
9333 82
2281 86
1367 21
2753 95
873 8
5058 88
2003 82
6177 81
8743 19
9800 79
4646 73
6724 90
1215 92
9825 89
4471 49
3636 56
4082 16
741 48
9136 45
494 61
4752 3
8148 54
9785 76
5286 79
2247 86
9110 92
10 33
4834 24
6076 10
1413 47
2810 48
7054 91
7315 46
2339 3
3990 84
9163 41
1087 62
5494 23
4337 79
2101 83
2216 10
9827 26
3395 12
3449 70
2021 61
6368 31
6260 21
8073 75
3918 63
6377 7
5947 91
2999 33
5552 92
4255 40
5623 55
9175 38
3917 1
63 11
12 12
3132 84
4724 100
9566 84
9272 39
4558 90
4401 86
7448 47
9176 47
3731 27
8938 85
966 12
692 92
8750 8
5492 64
8270 55
8675 53
6591 51
7252 8
734 76
146 43
2417 99
5280 64
7597 55
310 28
5533 100
5664 50
6511 55
9342 12
7314 85
6776 35
3040 2
9688 82
1552 91
8489 37
6166 87
6631 82
5885 10
4798 33
2716 7
7512 48
7058 76
1098 21
9530 91
7884 96
7975 11
5130 66
2813 17
3347 16
8108 36
5705 25
3174 87
9207 58
597 56
5242 64
5462 54
7912 72
5929 61
5144 10
2151 27
5005 77
4038 87
3843 2
1303 89
3917 62
5376 73
6387 49
4660 45
3958 8
2300 100
1271 13
1953 34
9336 33
7246 79
6042 48
7506 99
2225 43
3885 67
4744 39
3255 12
3653 83
7337 39
3531 96
8335 89
9955 86
3040 77
7450 92
9463 86
5576 8
1264 69
8808 21
1719 32
6663 3
3450 58
3494 4
9122 46
8038 58
3536 69
4805 70
9057 59
5207 96
2335 56
3439 97
9441 66
4857 5
3334 64
5825 53
4695 40
7007 44
2949 100
1199 22
3997 37
4879 32
7157 35
5753 65
793 59
4660 80
3615 50
7628 55
9815 84
111 100
2499 36
4552 45
1127 59
8040 27
8410 39
8849 7
4827 79
9938 35
6114 91
899 6
6649 10
2737 63
6359 65
9670 25
9200 80
2024 99
2067 28
5243 45
4486 83
9972 47
8873 72
1653 51
5250 43
8385 63
9985 83
4621 33
1192 9
3248 2
4073 69
6426 73
9048 1
1323 15
7728 65
7011 65
9847 82
7812 19
2153 16
8769 55
110 5
5117 94
2787 89
3079 78
9798 78
4231 70
1946 56
3494 93
1809 16
8459 88
7733 70
4453 31
8803 16
9002 8
783 22
1062 93
7627 78
7338 13
8619 16
743 16
3093 73
8637 38
1981 83
2383 89
9650 41
9676 82
2662 80
1313 65
5447 14
8772 82
4435 85
9826 61
2362 63
8826 32
7579 68
5747 23
4540 36
2061 20
9218 43
6660 67
1635 88
6249 97
9519 13
2113 18
578 36
251 12
3420 76
3425 33
7238 50
9465 68
8169 63
8191 8
2298 3
5580 15
1045 91
382 79
1278 82
6975 49
3246 39
8466 23
2674 16
5186 93
5143 62
8226 32
3563 90
9900 31
9252 42
791 2
1044 22
9416 40
1312 49
1118 42
5482 45
6090 27
9883 55
8901 57
9622 87
5001 64
5400 26
3495 63
7267 46
7045 71
4187 35
772 82
6908 39
21 20
2688 39
7161 21
1935 50
3248 69
4156 100
725 29
8938 78
4892 38
1655 86
9652 22
4484 96
8144 70
883 67
252 90
8157 72
2361 96
7762 21
1717 96
9122 64
4217 29
9815 93
9757 53
3370 100
3090 25
9386 41
298 69
5788 93
8890 70
59 93
812 67
2117 72
1763 78
9045 79
5926 18
4794 42
4147 8
1434 55
3360 56
1255 1
6180 92
5541 29
7212 81
7621 1
4350 31
7946 13
8597 62
4685 59
9939 29
189 16
8246 82
8709 44
9590 95
8999 49
7650 53
5750 81
3596 42
3009 7
1674 81
6907 24
1011 52
3888 59
1265 72
2670 56
8652 58
9771 50
7840 32
1993 29
7678 43
6729 27
3947 30
1859 42
2824 67
8348 97
8199 7
6872 9
2810 60
1519 75
9331 88
1630 35
7046 52
7584 85
8935 28
8665 12
3271 93
8290 17
4223 48
1111 98
1366 58
7894 16
7416 66
5124 78
1877 43
652 59
830 33
1893 75
2736 76
9111 23
1756 75
4634 26
9520 76
8594 94
5775 4
3491 93
5514 84
9408 29
2501 32
9506 77
7526 9
1936 7
1493 28
8934 81
9656 44
8603 11
2171 36
2788 90
8863 81
1783 38
7437 73
8130 50
3008 37
2230 9
8420 88
9885 45
948 72
7004 41
8352 37
3021 59
332 75
5769 2
1210 8
4191 25
2640 25
1062 76
7597 91
9377 5
3079 59
2465 99
2398 1
3795 45
6873 98
2137 76
3086 9
5934 18
9483 54
2271 45
2961 14
9821 100
5138 82
2028 87
6424 4
6043 2
5714 7
1000 11
7207 47
7808 31
1944 96
2006 82
4157 39
4799 91
2344 21
3387 4
6234 7
7256 24
4088 83
6810 63
7038 52
6365 4
7710 16
3566 16
4862 73
1699 58
4021 4
4539 77
7995 89
4519 90
9109 6
1994 95
1112 1
5770 52
4883 79
8414 72
1782 30
3727 43
4846 93
7110 7
8665 8
9216 85
8864 54
7213 10
9442 32
9899 3
5989 44
6597 52
3844 66
1355 78
1296 69
9702 29
7250 28
5271 95
720 80
8154 85
1188 69
8421 3
1123 86
9612 16
69 62
1818 57
4106 66
5860 49
7131 15
3027 78
3335 28
4206 84
6155 28
2679 27
8208 84
2611 47
4552 83
8501 26
5720 64
8942 88
325 11
8196 30
1877 56
8731 59
7622 57
6489 56
836 46
1539 42
2874 69
6568 33
7752 30
9531 4
9265 31
681 84
2494 74
772 70
3085 19
3600 13
5726 30
3023 47
438 11
4302 25
2909 41
7318 82
6409 86
9566 13
5767 96
2816 31
3478 48
15 23
5822 38
1492 6
8808 43
6570 34
3772 44
7880 61
5455 82
8185 15
4374 55
6848 34
5740 13
7646 58
1860 13
9241 89
6661 7
4011 82
2744 2
7739 3
6945 60
2436 68
6603 68
3981 9
8849 65
3123 74
4019 70
3059 10
2734 5
320 93
3869 60
2633 29
5166 43
9362 61
8497 52
2163 93
4111 51
5212 14
7618 92
9122 18
7709 45
2391 79
8566 49
541 100
2505 60
2244 26
419 77
3254 84
7871 68
6196 19
2419 58
4511 82
9308 75
3595 77
5266 16
6094 26
1312 36
7405 30
6637 45
7529 41
8804 24
1866 74
7352 72
7509 23
6791 4
4293 61
8413 56
8442 73
1230 36
7349 47
1104 95
2173 67
4630 29
4996 18
3873 76
6759 28
1352 76
953 3
2799 61
277 41
8516 70
1502 80
6077 95
3704 6
8331 53
6504 86
7199 76
904 80
956 52
5798 80
1127 8
207 78
235 11
7533 34
2323 9
5326 38
8730 27
470 6
9474 73
8463 56
1577 67
9941 75
9994 96
6955 50
9447 52
2129 26
8011 88
9403 45
6198 87
7630 21
1096 56
5710 77
6134 79
983 7
6704 97
9762 80
763 54
3407 57
3250 13
8058 48
5816 86
5973 26
8873 76
2070 71
5014 100
9943 9
9007 52
8638 40
8183 72
7099 38
1768 12
9517 31
9266 75
9639 67
5987 96
7914 2
7881 87
1979 6
5614 49
4528 27
100 70
3088 6
6473 25
597 7
4048 95
2244 15
907 13
4697 24
3739 35
5390 26
8382 55
7879 15
9893 58
5720 58
3906 47
2485 57
1068 24
9462 92
10000 58
4899 47
4105 94
9861 63
7958 10
4238 97
1596 79
7774 78
5633 52
2592 26
5509 11
7383 66
4909 19
6122 28
4494 35
6219 93
8345 69
4891 49
7315 4
163 72
2013 100
3320 8
378 93
3585 10
3097 76
7887 57
838 22
723 98
4192 96
4425 86
5131 44
3178 75
4464 69
2275 78
9172 37
3402 36
3188 73
1143 65
518 28
5926 14
7255 65
8570 45
1786 44
6542 29
8840 19
1014 22
4314 44
3796 77
4964 70
6907 87
4858 60
8022 45
9732 64
1609 49
243 86
214 50
4050 36
8294 87
779 87
4516 70
8505 29
6291 18
2424 38
7947 87
2507 53
7873 16
1512 94
1760 95
1410 20
4196 4
3606 9
1853 7
5896 98
6194 27
4037 9
8996 93
2589 39
8063 13
8076 9
2399 83
861 24
650 24
8869 10
2670 78
8481 65
4634 38
7626 38
2445 21
5688 38
6547 24
5698 43
8616 38
3533 78
9650 8
9038 1
8542 50
1376 92
4973 44
1601 43
6874 33
859 7
4871 84
4344 15
2005 31
2304 3
6106 1
6797 74
2638 29
7751 40
1937 41
3392 78
9390 67
9669 63
1362 21
8357 35
4054 15
9741 24
4051 37
2590 7
6819 93
7309 25
9245 6
3998 34
4434 100
3225 70
1240 16
3200 30
7734 68
1344 96
6841 52
7330 46
1618 23
6169 68
211 10
8074 29
2 83
9953 98
5840 2
3831 73
8402 56
2995 41
23 46
6622 57
5413 17
3204 5
368 85
5850 86
6659 70
7653 69
3479 79
3898 32
3813 2
5429 52
504 12
6276 57
2667 70
1249 89
1815 71
6797 80
2187 100
8536 7
6885 86
892 43
9107 96
6764 86
3326 13
8769 38
7214 98
6789 69
6161 65
9325 27
8686 26
7867 53
4796 64
6784 34
1015 19
2240 51
6056 83
4146 63
731 9
4100 56
7921 68
1194 86
3417 34
5555 77
7398 31
4755 36
8156 22
9288 3
3637 71
8989 51
1389 80
5254 97
7063 99
8959 45
6659 58
8200 79
2277 45
6064 46
79 70
1622 76
9201 29
9911 8
5350 50
9363 38
1620 51
6340 61
2282 93
3157 96
991 15
9840 49
1524 40
8579 100
3784 95
5845 62
8964 19
7690 16
6547 52
4576 48
9502 38
3585 21
8640 24
6833 21
1517 89
6617 59
8455 56
2860 78
847 38
130 83
2432 26
1196 48
6144 85
8615 42
9189 90
7289 90
7127 25
6162 66
7149 95
3039 17
2983 55
3875 90
2462 34
7767 9
4524 48
643 7
6574 38
7406 69
7075 21
8111 63
9210 51
4952 37
8976 13
8454 24
459 92
7492 94
7498 66
7583 60
4452 49
9620 27
5949 62
8633 22
8451 39
1590 25
8411 52
8139 20
7803 42
308 30
6907 62
5605 65
6605 96
7158 3
4461 40
414 64
6441 33
590 89
6646 75
4910 48
7965 51
6973 75
8903 63
3994 57
905 54
2538 11
5767 42
5175 71
1237 33
2825 49
3424 90
3665 64
5974 54
2252 19
6180 13
419 44
6364 91
518 18
5205 64
1026 9
1517 63
3919 83
8056 94
6005 44
7778 82
4044 1
4771 8
7417 45
8314 68
9715 93
3181 85
8637 96
227 6
3865 32
2721 42
1540 89
1156 11
7871 11
7256 28
4854 33
5409 97
2585 31
6605 1
3627 18
6021 94
5762 53
6178 50
1448 5
6256 64
1836 28
2905 27
5917 60
1537 39
9622 92
366 75
3824 26
9723 61
5009 79
2761 35
3948 33
4680 10
685 58
459 84
3614 66
147 49
8394 3
1527 10
9814 64
4448 35
1855 66
261 31
3291 84
1143 99
2662 55
3286 62
5388 65
2671 72
5174 81
4556 87
2547 54
587 92
457 14
1601 22
5177 100
6057 83
3565 69
5413 56
2652 55
1506 66
6810 91
4627 97
9108 49
4620 81
3129 27
3068 27
6581 54
9318 89
5767 70
10 95
9670 18
678 34
5087 42
6441 90
5349 47
5755 10
9089 33
706 96
381 77
2477 62
7204 44
1888 84
5549 58
3524 68
4827 33
4962 48
2303 91
4082 89
4433 22
1478 33
4820 85
4642 9
317 47
8456 50
3375 32
6911 78
2827 50
713 76
2707 36
6043 86
4121 56
4733 23
9347 66
163 31
2040 92
6263 59
1576 4
7119 93
2602 75
5294 76
6506 4
2906 85
3705 18
4060 64
4206 2
6649 26
3809 33
1100 55
2899 62
3285 90
9253 99
8148 81
6802 19
5425 3
3545 18
1731 2
9273 36
2086 77
8253 45
5740 10
2598 40
3487 7
2825 86
5913 75
2199 50
3364 4
1448 63
4984 50
9481 60
4004 77
7477 34
5779 1
369 64
6077 74
361 69
3783 10
3260 22
5716 84
8207 81
4510 6
3530 73
4561 77
2088 96
9578 20
2655 82
7297 83
9315 75
9583 36
7290 11
7361 50
6531 43
6960 43
4764 27
8578 23
7007 88
6080 36
960 40
1865 47
2887 42
967 41
1375 15
8375 90
7689 57
3077 78
6319 37
2628 50
7931 39
5344 47
4965 21
8369 72
7008 100
8859 20
7791 75
3718 77
8517 36
2569 91
5650 43
6932 38
5251 60
4668 69
6796 47
770 27
9585 13
125 1
34 93
9224 93
5644 83
7712 34
1509 30
462 25
2465 30
6268 67
324 51
7804 74
5911 23
3494 58
2469 64
136 5
6728 60
5658 13
5104 81
6506 47
9315 17
532 24
1998 93
7200 15
374 19
5281 97
9370 36
2622 32
8259 16
689 79
6731 25
1836 58
7436 93
6571 40
8725 28
9638 40
3644 70
8863 94
7514 14
2808 88
2233 88
4936 2
7523 58
9585 33
3673 25
9212 3
3801 99
212 37
4891 34
3776 15
2561 13
8006 57
9934 20
4550 48
5634 57
1687 66
1796 22
5819 70
4179 55
7803 3
8379 66
957 80
764 21
9768 6
654 43
5620 15
3307 78
5771 41
3197 72
7040 30
4028 26
3047 75
5347 17
7844 78
6971 98
6432 50
5363 41
3881 78
1261 48
4483 14
3542 55
5128 100
6432 50
6440 28
3921 31
4810 100
8556 8
2826 55
9425 70
2484 95
9019 67
8096 34
9007 76
3211 67
1975 94
8533 16
500 12
8716 31
7262 7
2910 82
7690 71
1834 45
8279 59
2851 55
1680 34
6801 99
601 97
1432 59
3224 94
2578 51
5039 10
7066 38
1121 33
8820 34
9992 82
5916 81
2152 1
277 82
8759 28
836 39
4813 89
7489 65
8885 72
7724 60
2617 1
10 56
7762 28
9545 82
1912 65
3616 3
6446 83
5935 49
6335 12
1731 93
5691 18
1883 3
2906 23
8620 42
7346 43
2954 63
2995 63
7618 8
2742 14
5989 54
8230 56
2908 75
8190 43
5976 24
5054 58
5969 44
9327 51
7598 33
9926 17
6726 71
8911 79
7233 5
8994 2
9012 35
4716 53
6388 45
3660 96
3972 50
8138 99
6373 43
356 93
6638 82
2896 35
8266 21
452 92
91 62
1022 76
7619 15
4877 82
1750 44
4334 89
5241 46
136 64
6195 25
1862 19
4167 17
7612 4
8250 7
1391 68
3327 42
4211 69
7555 32
3444 73
1599 73
8155 100
616 40
4188 8
3185 76
7771 31
5300 32
4650 19
8200 13
2974 2
5471 64
5669 49
6205 31
4917 12
1462 13
5284 12
5737 90
9111 52
4982 99
8560 18
3974 82
249 25
2314 50
1443 65
6214 17
9666 84
8780 86
3184 37
7916 100
1448 78
9164 83
5141 100
2873 52
7604 6
3902 15
8723 75
5196 23
3499 61
2924 94
726 37
5710 91
7172 41
2077 55
2177 92
4807 76
5721 22
3059 62
5222 83
1465 77
2840 66
1691 62
3240 38
3237 90
7099 60
735 76
1649 44
4566 72
3637 94
1879 65
9338 85
2141 58
7006 99
2271 79
3833 35
4107 72
9100 49
4585 91
5387 21
8133 37
333 67
3012 33
1663 29
3504 51
3275 82
3815 12
8418 55
4021 76
7505 44
6706 89
2730 13
4360 82
2961 97
6872 99
9469 56
9887 1
6575 50
4485 89
9531 89
6239 5
9722 5
1768 40
2360 88
6267 16
8431 72
3905 13
3784 16
5694 97
9912 17
4147 81
273 86
5533 99
9635 18
4139 65
4358 29
8321 79
3133 88
8570 44
5876 36
8060 58
7808 64
8170 43
6579 15
7391 91
9132 90
2223 56
8275 55
5306 61
7772 44
9778 29
6172 98
2560 56
8186 29
7500 13
2317 59
7422 76
3874 44
4418 52
2158 61
3294 41
6050 16
3396 76
9623 1
4936 46
4496 13
5875 19
9163 86
2675 100
5914 74
4112 30
2084 85
4705 57
6180 75
2760 38
9987 54
2330 88
7921 26
3063 95
778 50
7641 74
5415 67
2292 77
4652 18
8276 17
1491 39
5147 26
2975 3
5882 55
8029 94
3844 67
7399 73
6754 71
1898 68
5566 28
518 6
4301 84
9424 44
6860 75
614 87
991 56
6577 89
8382 51
5044 15
8705 24
5608 48
3791 6
8721 44
4677 70
6712 42
2349 81
9799 1
2216 22
5945 27
9648 58
6913 38
5013 89
9479 46
3039 22
361 96
3945 68
643 87
8974 15
4631 2
9037 94
6595 85
7626 93
4386 41
1966 82
1619 13
9591 31
8602 3
8371 80
701 61
8953 61
5856 50
3380 51
3336 5
4917 18
8706 53
8363 100
5338 40
8044 75
8532 61
2756 50
7973 46
5032 27
3300 2
7358 100
7515 63
1412 70
1912 92
2572 99
3496 89
2269 54
1441 83
3853 30
9323 49
9204 6
4609 59
4356 34
4304 87
1860 56
9141 17
7955 55
1879 67
6376 42
510 48
8093 5
6436 61
8910 28
3695 63
7358 17
7363 13
7223 71
4872 30
904 27
3668 15
5834 8
4684 89
5814 14
9507 90
3056 68
1137 100
6724 24
7860 34
8151 54
4748 60
923 10
4773 97
432 96
8778 88
7874 45
6802 8
1605 37
3848 18
751 6
9607 58
6073 95
7657 96
1018 68
4781 21
9773 28
3732 95
1637 56
1543 21
851 20
6108 77
2765 61
8784 69
7098 31
8138 48
8688 45
8005 60
4839 61
3907 57
3880 88
7729 52
8215 60
699 4
6316 41
976 18
8913 83
8594 29
6343 29
2397 92
2711 34
7639 98
4630 95
6157 69
4007 64
1677 86
5103 57
7890 69
7216 88
5872 83
828 99
9753 92
281 46
4120 76
8427 16
2767 37
3402 58
2535 83
5104 91
3851 11
5106 79
3348 60
7635 37
6229 3
9824 52
7437 4
1651 89
3095 83
1887 15
1258 13
82 77
1449 35
3486 83
4218 89
9026 20
7699 83
2651 99
7043 37
8635 23
4191 11
8074 28
1814 76
5168 60
4359 54
8474 68
3718 8
2344 19
4742 81
1853 11
770 78
6083 20
7713 33
2218 55
1721 53
729 12
2015 2
3891 28
4878 58
5087 88
2464 13
7555 81
4820 51
7699 13
8431 52
7576 100
6781 58
372 93
8742 89
5599 14
9793 27
2725 7
1481 15
1986 10
5673 73
8297 88
3337 51
668 56
2101 19
420 32
622 47
6083 54
8004 54
4599 97
9043 97
9911 87
2876 87
6994 8
1954 31
3417 26
2403 65
2113 91
3915 32
246 68
202 18
9251 75
1364 33
929 20
1787 27
5168 81
2075 30
2367 2
417 12
2009 22
1043 77
6347 97
9841 11
1888 8
294 85
2475 48
1854 25
4022 70
3409 50
1641 95
476 8
8727 3
4590 46
204 58
9509 65
79 3
341 25
6700 34
7587 39
6641 32
9775 67
1079 81
3543 1
7550 51
6402 90
8498 78
5997 76
2132 38
1021 35
8295 30
899 73
7432 92
1149 83
4125 87
1773 17
9319 48
8935 49
9528 29
8201 77
2131 3
2618 28
7832 66
4204 63
1904 76
2297 98
2105 48
8571 89
7139 19
6371 15
4806 44
4731 76
9691 17
7224 70
8845 77
8998 75
6379 15
7955 62
2932 10
524 35
85 72
5033 42
8719 55
4430 9
6025 100
9823 82
8943 5
7657 85
921 33
6906 65
3009 55
7092 39
3869 46
6300 53
3555 23
7987 91
2346 71
8532 65
9325 61
9625 50
113 48
2531 7
6704 40
392 25
7772 49
3741 32
5904 32
9222 24
2229 21
9276 35
8695 63
2126 40
2985 57
8456 10
9970 81
4011 82
3880 93
5488 83
9432 31
4559 55
5880 52
7038 35
1835 59
4258 64
1779 86
6198 73
3500 75
7865 84
5332 20
5145 1
752 55
1734 83
2048 21
7918 31
9452 76
1386 83
3479 23
9817 14
4682 26
9377 12
6663 26
9637 62
6601 1
2998 84
172 42
9936 76
7297 69
8258 96
8889 75
3526 92
5003 11
6374 81
9686 42
3794 19
2968 22
3530 30
7800 66
6144 100
7018 41
9035 90
7282 70
817 30
638 74
6625 78
1601 51
6922 55
1413 95
7787 98
5837 33
1816 56
7454 98
1137 53
4863 32
6004 33
2772 38
1774 6
359 90
7335 48
1663 60
3226 15
462 47
2569 26
9793 8
5676 81
4640 43
3488 93
5540 25
3698 55
8256 53
4987 80
7443 60
3785 1
5701 19
5149 15
1430 26
3330 43
4872 50
6469 16
8957 96
2997 96
2338 84
2041 78
7460 90
984 68
8142 22
5799 84
9081 83
9737 33
7053 85
4847 35
9610 76
3077 33
6778 97
1848 34
744 96
5682 82
4032 22
7311 91
6163 94
9910 4
615 8
6240 47
5290 76
7179 95
7212 25
3529 21
6553 57
7653 30
5206 52
5415 49
7048 96
5382 79
8817 92
8921 79
7337 31
5635 3
4538 26
6701 80
553 31
1226 64
2256 54
936 60
4062 40
8489 67
791 3
1568 90
1351 1
1620 67
5993 41
1498 81
5723 84
3984 12
8061 84
9143 13
915 68
2728 22
1473 63
1033 35
8602 73
1153 44
9775 72
6286 25
2373 5
7644 65
4797 93
4397 19
5328 80
7131 88
5416 73
8352 82
2993 79
8555 65
1093 87
9999 46
5459 52
8141 85
6575 26
9062 47
2331 57
3663 27
4901 60
7646 28
6439 28
9967 6
3752 18
7239 44
5748 93
7561 40
1731 59
9237 41
5062 77
5126 37
1803 39
6935 33
9947 98
7611 47
8657 8
5074 47
9087 92
6005 39
9709 43
5934 8
9036 94
8647 18
7405 35
659 18
1611 36
6806 13
9026 41
3897 72
4338 8
3818 94
3115 43
792 2
6634 96
1392 94
39 77
4501 26
3523 99
8895 27
3733 53
6096 43
8040 2
8756 65
6642 52
6036 31
511 5
6676 26
1447 67
2179 32
615 22
7125 53
3598 25
2430 20
7475 24
4398 7
7229 94
2902 68
9747 9
2333 88
660 20
70 23
925 45
7500 23
563 78
3155 77
5951 31
1829 48
8256 10
3020 82
1934 69
3289 62
4262 42
4429 60
550 13
3099 61
4185 68
5083 9
9912 82
183 27
8611 37
8003 61
9968 84
461 75
6793 32
3008 26
3600 48
4239 14
5189 20
4573 38
8132 72
3299 16
839 81
3776 3
7315 11
3929 77
9999 31
3190 66
8114 2
892 7
9833 100
9984 32
2899 23
7645 88
9242 18
3825 25
9889 75
2393 79
8208 20
4181 74
2830 61
4150 29
6392 39
9146 57
7340 90
2115 72
6641 51
6956 39
9025 100
3978 18
3169 3
8342 57
7629 86
6488 36
5958 68
7709 39
1481 59
7967 24
5549 65
5080 41
6206 47
2764 46
1997 19
8736 21
671 14
5638 39
6868 31
3248 96
3769 87
332 26
3106 40
4864 86
6250 83
8809 51
2647 41
3743 52
3787 6
8049 35
2577 84
3155 99
5849 44
3437 16
1826 36
7212 94
9122 43
5319 28
1934 83
3165 36
5717 74
9038 63
2214 80
3566 52
5637 66
4486 13
4749 92
4163 98
9135 100
3313 60
6987 76
6554 61
770 24
1040 4
4758 4
3591 74
6177 80
5188 42
1759 53
7093 47
6718 78
1960 19
5569 22
4768 55
73 32
8367 12
1308 72
5872 77
9495 11
1132 53
7466 74
1078 43
53 66
8384 63
5018 29
1910 88
3406 21
5906 27
2694 25
2733 67
1456 99
2530 15
2370 53
1192 17
8015 75
8821 80
9749 98
9122 53
6163 58
4316 33
5686 25
5620 43
6445 77
7121 38
4901 6
8256 8
3656 85
1823 78
5537 66
594 51
8040 14
9031 40
9311 4
293 26
8361 8
9358 98
7184 77
2193 28
9205 65
2765 57
1870 21
3164 26
8157 38
7903 94
7055 48
3596 47
4261 78
5586 23
3482 30
8100 94
3189 57
4944 72
8785 36
3999 89
2800 16
4797 22
4136 61
6547 92
5650 1
2337 5
5648 33
4151 8
1262 88
6182 43
8318 82
9289 6
8090 32
8230 75
7719 28
1215 70
1695 12
7891 30
324 89
4474 73
1589 62
5029 88
5446 79
3495 8
5267 29
7802 36
6662 90
7793 51
7673 22
1625 91
4602 92
8613 96
5203 55
8478 26
3644 3
7850 84
2464 79
5172 10
8409 18
4617 75
7398 18
9962 59
5860 55
8810 32
128 86
5275 81
5977 87
3729 31
6741 6
9408 36
1508 58
8320 71
136 43
8232 96
4860 48
8571 58
1618 84
2668 77
8990 29
7360 18
967 34
6550 95
2872 78
826 13
8835 33
2700 42
7490 19
665 77
7213 48
8873 25
4448 95
7034 65
5030 1
9893 20
3882 4
9489 48
6238 38
8142 61
2668 19
5073 2
5552 73
8196 93
5143 12
9722 8
459 46
7132 58
8740 65
3674 21
3865 18
4140 46
3522 80
2593 11
6018 87
1571 37
2405 96
2890 56
7120 85
3701 14
2648 22
7321 59
8367 52
716 58
8616 90
3578 81
4307 70
6578 80
4049 23
290 18
2609 61
7806 65
1208 96
5673 27
8132 73
6940 80
9146 61
6590 64
8712 5
3673 28
8046 50
6160 5
7671 37
2884 72
4611 26
4489 19
1386 95
4936 45
9342 8
7271 73
9980 10
4604 77
4822 93
9340 34
4850 12
7213 95
6613 72
7951 36
2460 35
8707 71
6712 95
641 97
1841 76
3393 34
6183 63
5007 14
1224 10
4342 46
7155 81
9579 4
3044 43
1250 57
6514 1
292 25
6387 98
2395 98
8544 88
7546 37
1315 38
4270 50
7952 28
2715 75
5238 57
5220 44
737 50
747 33
4292 48
9789 57
7548 32
2482 86
1781 28
9735 76
6967 32
9764 82
921 86
2131 72
6013 45
4399 2
1901 70
6345 90
3472 91
5474 15
5439 14
1272 38
8045 5
5976 77
7684 62
9204 51
5694 68
9284 14
9353 66
1838 65
2610 36
9319 63
8557 63
6204 28
9106 77
6143 44
3290 66
233 86
222 60
3862 5
4622 65
8907 15
8384 42
3280 36
2307 17
9453 17
7704 71
2131 61
785 34
8288 90
6362 82
785 51
4547 18
3688 68
9929 49
9025 50
6965 83
1216 1
8825 96
5788 31
5964 92
2399 68
6714 29
6280 99
9214 19
7388 75
1701 73
1577 99
5542 64
7367 70
9164 43
6372 81
7025 87
533 49
8434 20
3332 98
7912 30
4417 25
6611 48
2123 76
7966 63
4103 66
4035 79
2265 28
7295 83
7749 10
8725 20
1642 1
8059 74
4302 92
8494 33
889 57
3362 57
7381 24
8704 56
8500 70
1718 2
2687 4
4632 3
8031 78
3637 31
7440 13
6251 81
814 9
7607 15
800 52
9099 41
5208 12
6049 40
5136 53
1147 35
7774 64
2588 12
1319 19
4467 1
1849 3
7832 88
3168 82
4720 33
4742 26
5447 93
4777 45
9933 36
9708 34
5276 43
3438 22
4829 11
5638 16
4374 8
987 40
9009 87
3295 40
8474 14
7273 93
3146 14
1871 92
3906 47
9488 91
2983 95
2524 10
390 61
7383 18
3523 20
8986 96
6328 24
3088 88
5510 34
8527 83
5547 99
3527 92
4164 97
3635 69
2044 74
4611 78
5020 34
2339 9
9446 21
6979 68
2741 64
7216 20
2287 55
7107 48
9388 85
8130 86
7783 56
9977 98
3405 63
6366 100
9436 29
3177 7
4462 15
2568 60
1587 46
9579 27
1861 94
6098 99
9800 4
4646 87
5188 27
6824 22
7134 100
7619 38
3114 37
2337 49
7665 65
9708 78
3731 75
5089 18
8172 68
5996 32
1461 94
6882 61
1649 27
6799 89
7005 23
8862 38
6774 33
4676 88
3169 64
8788 85
1581 95
2014 63
7121 3
6980 92
1770 28
5323 82
1421 56
7194 21
6434 93
8961 38
3967 23
7576 92
655 3
6979 75
8318 19
3711 98
613 24
1561 86
9178 92
9377 99
4219 52
6881 91
9607 74
7764 41
4418 24
5830 36
898 5
1828 52
8359 58
8078 77
7276 40
2926 41
216 38
8326 93
5730 2
6692 48
5105 24
8291 12
349 54
7104 67
2777 33
5854 75
2690 81
1578 48
2839 8
4076 14
4147 2
706 62
7839 31
107 20
3085 98
6220 89
3073 10
9252 21
6915 55
8187 91
9288 41
9717 77
8073 47
9376 11
3654 52
7377 100
6805 82
8514 95
3465 20
915 49
1769 34
1089 41
7995 41
8261 9
6695 100
951 34
3192 68
662 16
8314 90
4879 19
9841 55
6118 97
6688 83
3991 4
5954 57
3052 22
8390 93
8914 36
833 27
7644 79
2678 95
6213 21
5614 26
9836 27
9615 14
2245 7
3320 14
8803 60
2049 46
2863 2
402 67
2076 44
2759 89
7879 91
867 23
3821 44
469 33
5764 82
9611 52
6360 77
6665 56
1384 85
9669 38
6344 69
5683 58
6071 37
7824 46
7580 82
5486 58
524 5
7332 45
2600 100
729 64
233 91
315 92
2268 31
1547 51
3315 68
6540 10
5636 75
1568 58
1011 43
2555 90
6325 41
399 100
7097 83
3896 96
8234 25
8059 67
1315 25
1410 34
4408 9
3584 74
3228 76
84 15
5050 3
3273 60
3745 27
1001 21
219 51
9621 15
1833 16
7011 19
4492 21
4885 59
2498 46
2092 5
8306 28
978 33
4855 13
6748 4
5415 20
2315 60
2198 67
5580 17
7417 52
6083 2
1420 93
8372 63
4514 8
773 63
2253 17
267 59
7596 44
2091 50
8657 90
2353 23
1561 19
9582 59
685 14
2527 53
9417 9
6406 88
8054 77
9451 19
4384 75
2281 89
5791 47
3547 86
142 89
2187 50
3531 91
5573 91
1909 6
5201 45
9371 79
9750 40
2688 55
2327 93
7284 77
6011 19
4704 43
1007 94
3541 5
232 82
9246 18
5184 76
3309 56
4218 17
8613 19
4162 84
3497 11
9475 36
6417 1
9628 52
9930 90
8071 33
6632 29
5126 24
2686 57
6558 31
7775 41
1058 35
8848 75
2651 60
1045 64
1795 42
3426 69
3429 95
9422 9
6246 51
7750 16
3983 82
6097 60
7257 82
7169 14
7064 95
5554 73
8729 53
9747 31
8213 44
895 59
8037 72
3980 65
6866 1
873 12
9103 23
3779 37
9356 27
1248 64
5008 16
6778 23
6062 83
2895 90
9436 94
2521 48
6137 67
358 73
438 89
1989 56
441 14
6767 43
4188 97
8979 95
3124 27
2858 83
4994 35
2906 56
8318 100
2197 5
4793 17
1752 81
835 61
7805 25
9150 94
1280 90
9007 98
5485 94
1294 15
3088 17
7393 97
8900 87
8284 5
9794 1
3956 90
705 1
3059 8
8733 93
3620 38
1517 21
6331 48
5063 89
3545 47
4882 39
7713 21
9255 6
2969 6
3844 52
2662 37
4204 70
5626 60
8070 84
6419 54
2577 39
9691 45
5511 21
9593 73
7709 89
7471 42
4327 36
9614 34
6641 83
4439 84
186 53
472 90
6422 97
5649 43
4781 68
3996 9
8458 87
505 68
6059 49
893 20
5938 15
5413 16
6250 27
6549 42
3961 40
9725 46
7144 96
8535 65
2645 36
759 77
8955 6
3837 64
4792 41
4083 3
7142 75
7322 79
6042 34
6046 91
4112 95
1533 72
6286 9
8570 29
4157 56
3345 1
3991 3
6929 97
5208 65
3060 52
5105 43
3554 46
8469 27
1676 10
6312 22
3153 24
6668 37
4847 53
4997 16
2733 53
6872 77
2305 14
6531 33
2863 38
9997 22
4441 54
9416 94
51 85
1572 79
8746 84
2152 50
8307 71
5638 53
8123 35
6569 7
6139 92
3283 96
3357 13
4028 19
7902 77
2141 43
8182 8
6688 32
2144 60
6310 42
6143 13
5491 49
9983 81
3953 57
4467 73
1663 5
6664 97
5400 73
7461 80
2591 63
2508 83
4057 89
8991 44
5272 86
9003 34
4727 45
2746 70
5945 29
4050 50
7185 16
3122 100
5472 38
6496 24
2510 57
9355 52
5671 14
8887 27
8902 77
470 25
1714 73
8458 41
969 4
3010 66
3932 11
9515 68
8278 88
2667 1
5125 15
7324 86
9471 30
5438 41
1243 24
1219 96
8552 88
7021 65
7512 78
3057 33
6681 18
8098 64
2180 64
784 57
9303 2
558 28
5316 33
4765 38
7263 54
2630 57
877 48
1353 80
5536 73
2397 99
202 5
4231 35
4223 80
198 2
8995 33
3211 98
7135 20
9077 2
704 41
6292 18
395 21
9175 23
9121 79
9755 8
5251 3
406 4
307 37
5038 81
9668 88
3635 15
8920 97
3312 6
3316 40
1208 71
2580 51
4689 26
2771 15
3301 91
7093 7
2898 95
7909 56
498 67
644 36
1800 11
7123 34
5325 94
8630 88
4800 97
3727 59
8667 59
6209 7
1984 31
9921 36
7222 13
7394 71
5707 2
6126 57
6221 69
8092 20
3432 14
9805 56
7607 86
96 58
9434 22
1116 100
6480 76
4159 16
9007 79
2803 80
7444 97
9050 2
1850 76
2058 22
8296 1
2441 27
1714 97
6835 73
3382 30
782 15
751 50
7267 83
1925 77
8398 83
1855 52
9862 50
7748 12
1504 50
439 61
371 34
6414 12
6813 79
7760 47
6503 42
576 85
308 78
5534 74
1260 10
5350 9
7445 57
3561 6
5558 60
2569 61
3609 7
6974 80
8093 87
3143 57
7865 2
4903 68
8395 30
8004 3
9507 89
2628 19
50 30
3127 94
4238 39
4800 95
7051 20
3208 59
3079 33
990 23
6271 32
8779 87
1386 81
1206 32
5510 9
1186 68
5449 14
8486 99
8143 13
2992 32
1003 43
8526 53
7863 85
8712 93
969 53
4815 39
6537 93
7726 74
7273 31
405 34
4492 91
501 40
5404 87
1790 98
6951 82
4981 53
5276 58
6006 90
7943 69
6782 11
3473 96
2502 9
1540 27
4282 12
5509 87
4297 52
2629 98
2644 84
136 33
633 86
9214 13
1390 42
5470 47
331 64
1167 65
8675 40
1412 28
4648 52
7754 82
8115 14
6320 12
5966 48
3561 9
3331 96
9393 63
7133 7
5927 22
5800 96
2269 30
1160 35
5946 86
4426 58
3713 26
309 18
707 23
3783 26
834 100
2325 46
1060 7
4441 53
5969 73
5411 47
6447 10
9642 67
3691 53
4853 37
3338 79
3346 2
4704 54
7571 10
8428 54
8787 14
7453 11
6359 65
3117 100
5317 37
8724 27
3683 22
8288 76
6588 78
6829 41
7966 18
7071 11
9920 74
1316 90
3535 44
5195 21
5357 48
9783 15
7512 51
8866 80
1039 42
6258 73
1815 45
748 3
2874 28
6195 40
446 65
8502 17
1390 18
4206 24
5913 53
7244 69
8400 78
9335 63
8980 53
7794 18
4846 51
1090 60
8595 89
1414 68
2117 60
8659 14
3576 61
5630 65
3330 87
9888 42
1939 83
6862 90
3212 48
5304 91
3452 97
2208 97
7147 49
1309 93
4190 74
3561 58
3034 19
1571 61
5731 52
7926 60
9738 65
8301 29
7648 14
4718 59
4062 74
3050 13
9470 9
2162 69
7610 22
5061 99
8895 73
4456 80
7192 26
1241 22
5929 18
1982 66
9682 34
46 81
8148 16
4540 61
7489 41
2425 10
1901 38
6278 10
759 91
1308 6
2663 63
637 6
8140 29
9128 68
3746 61
6086 28
446 83
7108 45
3598 99
9857 86
8291 82
748 92
3219 77
6053 78
1067 61
6335 82
9475 71
6287 67
5200 66
4386 45
5578 23
8724 24
9306 84
7320 3
182 77
341 25
5810 40
5016 28
816 20
9357 35
1132 91
8316 59
2662 54
925 13
2720 62
3157 97
8485 33
672 42
416 44
3396 49
1520 88
1773 29
7527 40
2708 95
560 17
2929 91
4107 96
8649 20
8549 25
3684 68
7587 41
5917 23
1425 40
6564 40
7283 11
8788 54
6399 13
8834 77
52 94
4971 11
6310 51
2302 68
8198 50
9888 47
6875 23
4366 13
3115 82
3235 39
9574 50
6378 56
2460 18
8362 10
8430 95
1839 33
5088 61
5444 97
7412 97
4517 9
1398 4
8707 24
678 73
5436 93
9706 22
8331 79
7523 61
2487 35
2578 48
1544 59
8042 34
8543 82
2895 86
7230 58
4434 46
8618 32
2501 25
6807 79
6749 43
6971 54
3616 1
5733 39
2713 19
3825 42
5418 20
9000 11
1454 95
9292 48
4232 74
7357 66
971 74
849 72
9650 55
3002 98
6249 72
2852 65
1624 36
7355 37
9506 79
2330 23
9250 30
4733 3
1576 77
1402 7
9602 58
4472 72
1084 20
395 33
2975 96
7131 23
9719 34
5439 95
7621 45
8383 26
6675 12
8400 25
8393 84
2979 68
6212 81
5775 13
9490 98
2737 73
1918 31
1306 44
2879 88
6818 49
7473 9
6643 93
7753 77
8570 28
2089 69
6704 81
2804 82
6801 16
4062 27
1180 52
5524 16
476 93
3399 33
5036 29
2920 6
1577 44
6814 20
8188 66
9596 57
5345 36
77 48
4869 33
1730 69
8248 43
6947 79
2046 70
6047 22
6263 45
654 50
2073 26
5855 49
3021 68
8220 9
3586 68
4317 30
2203 46
978 71
9978 59
5091 77
7553 37
355 99
859 53
8472 73
2197 25
1122 21
5402 29
622 23
5996 93
5983 81
9360 99
4863 15
1044 40
1337 73
1250 28
1949 2
4816 56
4752 26
1408 23
5498 57
8700 72
6929 53
6300 2
8875 47
9095 57
4580 6
1508 42
2720 3
1633 57
6276 34
6836 76
4387 3
3231 39
29 91
8713 78
7299 12
4849 27
7865 100
4481 91
2499 75
4300 30
8380 7
9223 52
4709 7
7860 36
6440 47
1912 26
9049 94
6316 29
8836 29
3659 34
8792 59
6713 8
8711 93
6099 9
1119 98
4638 50
2556 12
3301 16
7418 12
952 57
8558 15
1034 59
708 2
5739 96
8730 97
2029 73
4256 93
6881 66
2637 79
526 55
9728 15
9605 35
1726 57
2250 43
3121 53
9351 78
5119 84
1988 79
4085 27
8074 66
7123 54
3039 30
1547 71
695 83
5601 20
4290 80
2734 46
314 11
5854 15
9953 74
8468 3
7004 86
6039 91
5764 75
6717 37
5641 92
6643 31
7921 89
7653 16
8723 53
6187 12
4932 73
9609 45
6083 63
4159 36
4436 78
1690 39
8916 28
6782 31
4203 50
1220 95
41 62
7577 62
6050 29
2929 24
4833 15
488 64
739 96
1360 22
5558 70
9209 46
848 98
4136 15
4978 17
7145 32
767 64
8078 7
6225 54
5120 26
7234 48
6102 66
7163 89
1829 1
6684 40
1074 42
1409 82
4939 8
7532 74
4722 61
9991 19
4392 9
2934 69
4267 59
4474 87
4136 7
7434 37
124 48
6825 4
5201 61
7843 26
8454 3
2908 92
4211 91
2465 84
5651 7
3502 94
5915 36
8862 82
1946 87
5920 33
7745 5
9022 68
653 98
6171 5
2058 65
4830 11
5967 89
3902 29
7231 19
1813 81
1525 66
9274 40
4453 87
3973 50
525 44
1535 69
5948 56
6136 100
2753 58
5156 63
5374 38
8025 41
426 27
4221 57
4645 33
6889 69
4051 15
9960 55
3353 84
7605 78
6527 39
2146 75
6046 34
5426 98
3291 34
6312 65
3271 37
6357 48
2615 77
4056 11
2962 45
6131 64
9811 91
8218 63
2726 22
7040 53
1312 86
8079 57
3819 4
2507 61
437 18
8477 59
3154 85
107 20
8114 62
5730 75
1458 61
4438 68
4303 7
4431 28
4829 70
2632 92
7007 10
9849 77
566 55
6990 54
7524 66
7413 30
6651 19
9149 64
1680 79
2190 38
3091 79
757 93
1985 87
772 65
3009 4
5657 67
4113 57
3544 78
563 33
2032 38
2350 96
1467 52
3314 68
115 45
1846 56
834 88
1634 91
8680 71
6777 51
3135 37
2854 43
2504 19
3351 99
4348 65
9283 31
4703 32
8526 69
6984 39
3136 50
9536 33
8458 69
2620 91
1959 51
6413 88
3454 100
1224 59
7394 79
5977 45
8829 77
1009 63
9407 11
6095 85
8232 30
2475 19
2879 10
9052 36
2379 23
7779 37
2026 43
9424 79
6442 100
8137 36
3430 66
932 11
7142 40
3073 100
4003 19
7184 34
4948 11
6304 79
8020 55
1866 98
9730 96
1087 55
6539 62
7233 32
213 21
3167 95
2186 50
4957 79
8742 29
4931 44
9900 66
1329 47
4476 32
5377 96
9339 43
9245 68
9590 83
822 80
3545 6
1812 57
6126 30
103 64
1780 59
342 21
9440 72
9616 39
3738 44
4185 65
4927 14
7060 65
9508 57
9684 97
9339 57
1577 83
1262 88
2992 40
1069 46
8403 48
4505 96
9720 96
6720 35
9634 57
6630 70
1373 57
6083 33
2173 90
7441 57
1039 79
8713 15
6014 27
2354 57
66 74
4802 68
2622 58
3563 41
5953 34
8028 86
7090 57
2108 15
6213 90
9599 38
132 39
2946 70
169 58
136 82
4336 41
1538 1
8614 92
9220 87
4701 35
9928 54
5768 55
2591 10
8963 98
4024 76
9240 22
6265 23
7012 10
6892 80
7219 79
9714 55
2219 3
2307 84
294 79
4771 95
7013 98
2000 32
9004 90
4693 18
5640 68
5845 31
5041 9
6953 52
1318 96
5584 37
3574 97
6443 44
2899 49
9327 93
2979 97
4539 43
5146 38
5475 1
7479 19
4819 70
1587 63
7052 27
2772 4
5031 41
551 14
5329 76
5910 71
2619 8
6872 98
8352 50
8746 90
6193 44
5779 19
744 10
4537 14
5431 75
8929 83
9102 52
2838 84
8492 89
1097 21
3864 6
1943 35
2165 14
7484 17
5016 81
9758 60
2824 89
5578 20
7850 66
8185 80
8941 13
2114 94
5164 52
4877 8
4692 25
180 7
9330 22
4093 46
7288 76
4714 3
4157 24
9862 32
2712 91
3251 61
4608 36
192 48
4900 58
4293 64
3609 69
6423 52
1493 2
9558 74
8723 51
1372 10
1578 85
4664 86
6908 77
5418 71
9019 20
2883 27
2807 27
3526 7
8084 19
4122 44
3339 44
2695 84
7145 4
4709 67
2254 80
8229 84
8517 44
2269 76
6473 86
7747 91
9058 81
9117 64
6407 95
9570 90
6813 43
2533 51
586 79
1334 30
183 95
9949 88
8474 29
8971 42
3772 92
5118 44
1629 64
2087 86
9844 55
2550 3
6549 71
7092 61
8514 77
9864 51
3907 49
3181 41
9943 81
9229 69
4009 51
8110 32
2142 27
728 71
2442 14
808 38
368 9
1240 69
4532 83
6629 45
7011 44
4847 18
393 27
1358 35
3859 38
1455 67
1489 65
8351 82
2791 78
104 33
8243 12
222 62
6972 61
8230 3
6143 11
899 54
4054 46
423 46
124 32
1133 83
5070 39
8201 10
8503 51
9243 46
1980 99
2878 74
2962 99
7888 33
911 17
1436 5
3679 86
2910 33
4431 32
8530 55
7816 14
4889 37
4953 89
8498 55
5992 40
1100 71
9790 29
897 51
9779 84
2684 41
1252 71
446 31
9156 55
9015 39
3039 96
845 54
9910 33
90 14
8821 87
4668 12
2678 20
9135 68
8800 83
5218 31
5166 53
1971 69
1075 68
7699 83
2123 65
6521 61
6961 65
6014 70
3097 3
8083 69
1041 2
9433 18
7573 19
6185 25
1301 55
7655 18
2007 77
5586 34
4745 37
6016 19
2701 88
8379 61
6252 44
2882 100
3198 16
320 38
2770 52
4307 94
4670 44
9418 70
950 24
8787 8
5753 25
8741 49
361 56
67 13
3643 97
5426 46
5540 59
8297 89
1975 17
5678 96
8368 84
7789 90
3179 7
5359 28
6982 98
3436 34
7574 76
9582 34
6932 100
3698 26
796 23
3172 87
3782 20
7775 56
6436 52
3203 4
9788 91
4193 66
4549 3
7094 31
2752 29
616 25
2704 50
4610 87
2549 8
2913 97
7430 36
8735 63
255 10
9670 43
6313 72
4198 100
3863 42
9066 63
644 59
6293 48
6687 61
72 42
9810 34
1729 10
9341 93
8406 22
9780 41
685 86
2 54
9428 14
9578 25
8766 40
8366 31
8202 62
341 47
5109 79
4107 32
9120 68
8917 100
8977 9
4544 35
7731 23
7227 67
7061 80
1472 40
6245 49
2817 10
840 82
2840 42
2895 32
6240 55
2910 98
2239 82
6965 55
5581 93
5764 25
2379 46
799 5
4612 11
9536 83
7051 81
3484 67
790 23
7400 82
9716 47
9513 55
1001 23
2652 91
804 68
746 36
4613 61
9212 91
9058 11
2948 69
4221 83
6103 23
8263 86
7489 5
261 41
5386 76
7887 98
5931 39
3672 34
4830 27
7254 27
3563 66
1139 74
5208 96
9136 55
216 9
6990 18
7331 4
2256 72
7008 68
8764 45
8843 50
9995 25
8240 66
2411 69
845 64
1347 7
7881 85
3532 40
2680 68
7595 95
8728 36
5565 10
8891 72
3581 51
3039 44
995 81
5345 89
9358 85
1007 68
3005 51
7783 52
2609 63
6836 40
5102 68
5159 48
5114 86
6335 78
6296 26
1201 28
7476 39
4924 22
2472 68
5811 29
204 69
3596 9
1371 30
3912 79
3392 47
6470 45
6614 29
245 28
5514 79
8757 61
8156 58
741 83
548 64
6805 19
2283 67
1199 87
2135 46
2047 5
8875 58
3835 18
3056 4
9815 22
1932 59
7749 98
2989 57
8310 97
9166 50
9479 14
4713 83
9084 96
5249 35
5834 83
7780 80
7239 7
189 73
1624 44
7729 38
9265 60
7848 65
9809 37
6222 19
8333 39
7168 11
1452 33
4094 88
1580 94
3522 13
3077 53
1644 67
659 32
4092 35
5075 20
72 92
7831 20
4056 40
5108 77
5758 40
2016 77
7602 19
3861 47
3058 40
3741 31
9204 69
584 47
9835 94
9030 78
6228 5
2097 100
4796 28
571 3
3919 78
1832 76
5469 99
5304 22
17 65
7469 27
956 9
2357 60
4377 92
1006 63
6886 36
841 13
492 89
5764 39
9216 86
6841 34
4715 72
9161 83
8870 17
9605 39
6333 25
4665 88
4633 73
3799 61
2665 57
2275 50
1192 15
9014 35
2404 30
9673 71
167 65
7457 82
7889 69
1416 58
3785 72
8348 69
796 12
3757 80
6385 7
7140 49
5063 15
4950 54
8881 15
640 36
1444 64
1959 63
5881 15
2844 69
2383 11
526 20
7983 74
8988 78
8237 96
558 73
3003 49
21 65
9815 22
671 48
1637 10
2683 32
4326 41
7394 6
407 89
3974 90
7200 51
5309 82
9724 96
311 13
3392 20
5285 46
1269 58
810 35
9331 80
2482 67
9142 17
6751 67
2509 96
3672 16
7085 45
2057 36
4847 17
2169 23
4364 79
5235 7
6051 19
6852 71
8528 62
1105 59
9141 39
5177 34
1455 79
8100 15
8775 23
3230 11
2119 86
2846 66
9002 66
7888 66
196 22
7472 46
9992 76
9916 72
8337 73
2730 29
3663 58
8463 17
2537 14
5431 11
1037 13
3521 55
6650 18
120 4
435 7
5369 30
7480 92
3228 72
9867 95
8695 55
6867 24
8384 29
5681 98
1997 69
6111 80
5879 47
5144 51
302 93
4820 73
3796 54
4780 16
2236 11
1060 63
2434 78
4957 28
1833 24
2551 16
8704 84
3413 53
5504 75
7184 83
3022 27
3485 23
471 57
95 67
9910 26
6134 45
9837 93
3959 70
4471 16
3398 3
7091 100
2870 46
3235 34
9198 39
8508 33
6473 29
1411 9
1203 82
965 50
2500 27
5227 33
5723 63
2178 82
3685 48
8597 34
9302 87
2085 71
4184 72
1156 82
6762 63
2466 86
7544 77
5894 98
2110 11
2747 61
437 74
9593 59
9388 70
5840 24
4769 88
9209 70
2826 94
6240 10
2965 95
6743 78
3410 8
5663 5
9436 8
2402 97
1118 1
8857 54
5826 2
4065 65
2923 56
989 92
7044 97
1761 69
7842 53
3230 58
8099 72
3235 60
5532 97
5164 67
3157 66
2864 74
9066 72
2180 43
2873 44
2807 96
2499 95
9839 94
344 99
2115 85
2303 44
5343 54
1668 77
4613 99
3826 77
2165 34
3694 80
7607 11
9452 86
353 76
2381 59
823 32
6954 61
7125 49
2260 91
1833 14
935 75
7667 2
2104 80
6152 81
8408 16
5614 1
6048 72
7563 51
9358 15
526 90
7425 49
9321 30
2009 98
4378 20
8388 11
7886 74
9737 52
8275 92
4183 26
6824 90
9094 89
1042 93
8361 56
3343 70
2870 20
2159 47
7920 32
7376 29
629 54
6900 16
4316 85
4690 4
6689 16
4948 71
94 71
9813 39
560 6
7031 72
2162 73
5693 83
6944 51
8029 64
2034 5
1144 62
3510 43
1678 77
9180 19
4580 68
2034 27
3090 27
7650 2
7665 61
108 47
9832 21
7771 76
3 15
6078 32
9578 12
9788 21
773 49
5115 2
3825 46
1520 56
6513 6
635 55
2032 84
8856 49
2844 15
3447 27
287 18
7254 90
5932 31
4673 9
1442 12
2581 15
460 95
7368 36
4693 88
1743 5
8793 77
3511 76
660 19
9576 55
385 23
5233 72
4240 86
961 71
5817 85
2031 10
2796 11
5824 7
8657 92
6594 49
8431 36
906 23
713 16
750 24
3134 26
3931 19
9700 15
542 39
8001 2
4109 69
3486 91
130 33
7101 54
2239 9
5497 32
5458 79
3519 15
3853 31
7130 2
8307 16
1279 37
6486 78
7751 27
4916 3
4880 76
8623 17
4218 53
7349 18
1058 39
3427 6
1122 36
3184 40
7950 36
5223 31
7989 29
8046 20
5765 83
6597 67
4261 65
8322 40
9592 44
208 10
2048 56
5127 5
9846 5
6010 67
6492 45
1959 93
8932 81
2224 21
7061 21
8892 77
3856 88
9043 16
9704 64
3608 96
660 15
3105 7
7723 83
2164 68
5840 25
4887 31
70 45
9476 1
377 99
2273 37
4671 64
6613 26
3004 7
6642 7
5723 49
2002 82
415 58
5440 37
6041 3
5705 32
2128 91
6914 49
3787 89
7549 63
8087 74
7951 10
3689 15
7635 92
2921 76
5751 43
876 52
1376 43
5562 68
5779 54
770 35
6185 49
4777 98
7797 63
9487 98
9077 25
4223 79
3034 11
4293 21
4603 66
1296 5
2208 24
4456 36
6166 69
3103 96
4322 24
6131 6
5825 7
9956 73
5822 42
1670 98
9718 92
8277 4
155 21
6124 9
2486 71
7813 46
8646 20
981 63
4989 35
9459 10
7010 89
6168 86
2847 23
9159 68
1916 80
9918 33
9424 46
7088 78
3466 63
686 52
3334 98
6997 31
7117 29
9494 5
1115 52
7767 76
892 34
3662 38
56 72
2406 23
6351 23
6307 74
6868 95
5351 85
2957 36
8988 42
885 36
7325 2
6664 18
6458 30
2121 76
4958 12
4509 19
3101 16
7790 58
9238 92
4180 45
6266 99
5291 68
436 99
356 23
3593 40
1759 17
5593 74
7734 3
5256 54
8978 13
9217 39
5183 17
7106 24
4175 96
9815 6
4592 80
8457 82
400 92
832 55
4666 24
8346 24
5340 39
1198 25
8693 53
5630 70
3017 46
3860 99
3515 66
7522 41
13 36
5098 4
9768 54
837 67
8797 68
7273 15
6092 18
6238 83
5908 87
7208 52
6591 89
8622 7
4035 33
4157 1
6150 78
7941 62
5366 90
765 33
9296 1
1651 44
9621 75
4258 12
892 96
9846 52
634 5
4103 77
2594 76
3183 80
7909 92
6880 10
5369 72
6572 86
561 36
2218 56
5289 20
652 9
5494 9
6972 38
1756 17
2241 90
6574 95
5966 67
1771 100
2146 31
5543 77
2792 12
2900 63
7997 60
6699 67
9668 39
3138 19
3247 84
1579 18
4073 35
3386 13
5724 59
5359 41
5477 81
9892 74
9511 35
9350 3
2698 49
8017 46
2061 67
9964 80
9405 2
4750 3
4437 28
9220 9
9662 58
1173 37
5268 31
9777 45
12 21
1070 74
1455 20
4528 4
9020 45
7549 32
3611 13
5511 68
6966 60
8370 2
2940 42
6262 1
2899 86
4338 18
6668 66
1614 79
2838 84
8905 92
3103 32
1147 74
2328 96
5906 91
2560 68
1658 25
4380 79
7278 19
320 91
6271 70
3676 60
4088 43
3778 53
3374 15
4736 78
7259 90
2061 5
2664 41
7100 21
9383 59
9040 40
5535 19
3770 12
7089 90
2702 12
11 29
6671 50
9424 48
2503 97
3415 38
1426 73
1428 38
9077 43
578 29
1715 60
2187 54
7351 74
525 73
6885 65
1562 39
28 24
5019 99
8374 42
3498 76
3590 12
8113 15
3936 92
4853 13
2686 82
5541 100
8094 79
1506 96
4504 82
9268 89
8698 81
3679 26
5105 49
5424 78
9491 73
4353 32
8537 17
4447 72
1061 51
1836 46
7432 28
4498 77
7807 3
25 10
736 92
50 33
2825 80
8158 29
1481 33
7758 23
5206 10
6754 42
7278 100
2565 38
3202 1
2084 86
8128 81
8862 86
8935 86
948 70
4530 49
9102 54
7429 12
1634 61
3544 91
2583 1
1500 36
5194 29
6888 59
3467 89
2159 2
7074 86
4834 36
8924 20
1173 71
9789 2
7219 42
9407 99
8853 40
6259 49
430 41
3849 81
4529 43
3410 16
6801 28
7856 11
1481 30
1948 14
7217 71
6433 41
741 73
443 12
7814 1
5310 19
7241 21
8119 22
3113 67
2303 93
7361 64
5408 13
5291 16
5823 71
4545 23
9436 13
4993 20
2853 86
4792 47
2749 57
5848 10
8327 88
2330 45
3461 95
8412 63
5787 24
7826 47
2637 68
7162 59
2590 6
8933 77
6170 26
596 22
2363 39
8669 11
696 16
9520 22
3955 2
5467 15
9996 30
9530 82
2353 7
3328 89
3175 41
9800 16
8546 32
6845 67
9009 40
89 23
9179 57
2833 74
3272 5
5247 78
6906 65
992 53
7294 73
9034 99
580 14
7339 6
5554 38
8573 52
2222 17
1518 82
2857 6
5305 87
6714 89
4612 37
9545 58
9914 50
6923 58
6054 68
4130 88
6566 61
153 5
1166 58
7394 39
2509 67
5155 79
3549 63
8336 5
2749 50
6045 60
1386 90
3570 52
2039 44
4909 93
7411 90
9532 29
6451 36
585 68
8093 78
3706 54
297 13
7332 97
9575 67
5401 24
7068 45
6035 54
7034 4
2457 25
6447 65
9869 10
9106 52
538 56
1787 22
9524 31
5451 81
3184 99
4793 67
2295 20
8886 95
3043 53
5492 29
758 77
1385 14
653 31
6930 21
4392 36
2624 29
7943 62
2402 66
6993 5
3399 28
6303 91
3395 98
8910 32
2644 4
4584 87
85 94
3364 69
4907 16
5651 37
889 43
4224 64
4971 66
626 25
5984 70
7929 82
6849 31
7572 95
9180 34
5226 24
7489 10
2662 73
1503 25
9041 61
6393 92
949 33
4734 72
3496 56
7338 73
9780 21
794 60
2702 43
4643 25
4237 22
5810 63
1997 99
5624 59
7223 78
7035 64
6238 79
7307 87
3411 92
8710 59
4447 47
83 79
5719 77
990 72
8519 32
7749 55
5806 58
8569 2
3208 92
8812 31
7669 99
6694 59
8329 52
7445 92
8743 6
1350 41
8553 32
6471 23
8660 61
5395 78
9444 95
6285 49
3052 53
9403 60
5397 66
3042 17
6764 87
9675 93
6438 71
3184 32
5977 85
1072 81
8668 43
1503 28
1355 49
857 98
2743 93
6047 47
4698 1
4758 94
6366 99
5862 82
3885 89
926 22
5359 61
1853 87
1345 76
4919 64
3170 74
43 24
2374 100
5322 17
4392 20
3615 41
9520 72
5534 37
2522 48
1718 6
9636 95
3079 46
9455 83
5385 99
6910 3
7163 80
3076 5
4603 2
4456 76
3270 100
347 84
640 18
1607 26
8455 28
273 24
6885 60
5519 15
7605 73
7597 89
2124 6
9644 38
937 71
9194 92
872 50
8167 41
5201 66
1024 92
1083 82
4717 89
3109 41
8765 45
7600 35
2659 5
5607 7
4545 82
7465 88
9719 1
3259 13
292 82
8914 11
4623 14
6028 98
2657 10
980 74
9351 40
5066 15
6785 66
8749 43
4222 7
2402 66
4789 66
9306 59
8266 16
9771 10
9397 36
9720 19
5501 47
2369 58
9208 48
5531 58
139 96
3024 23
9613 24
2718 34
5183 19
8952 71
4984 57
829 1
7172 52
4510 68
1987 81
6939 88
6327 7
5645 87
9006 27
6796 44
4474 72
2419 39
4295 88
4272 77
2958 75
5799 93
4183 80
3893 6
6283 3
626 21
8983 64
2108 62
3222 4
3548 27
7982 95
7722 8
2866 40
9246 13
1627 69
9341 84
9444 92
5228 78
4471 21
7684 5
3875 9
1725 9
5872 85
870 93
640 69
7671 74
7464 92
3781 81
5532 26
193 10
9246 34
4446 89
1025 73
5019 47
5145 2
5303 19
1010 27
8228 33
3563 49
8677 55
6218 47
5528 33
8090 8
6713 73
8685 58
3483 30
2791 80
2971 67
304 89
8365 49
690 67
4467 99
693 94
1283 8
8143 59
1162 12
6305 89
7096 94
2348 60
719 32
3417 1
5313 59
4832 83
2725 35
6271 89
583 12
4755 2
1362 100
4095 44
8759 89
2602 20
5652 58
2960 47
6004 7
2907 22
6338 75
7274 50
5234 5
6285 10
3591 7
5399 74
8571 5
5575 32
4656 21
8928 14
962 81
9685 13
3139 44
5712 94
7950 18
8567 39
7644 40
8641 77
4296 77
7187 86
183 37
8411 53
1793 85
5037 49
6358 64
6214 19
1844 99
3931 34
4894 94
3179 44
4611 45
9834 55
3936 26
1483 31
6102 21
2469 85
3957 79
1389 2
4864 25
4902 21
6740 15
4891 36
3365 73
2621 59
1167 52
7454 29
3896 39
735 84
8465 18
2414 66
7238 34
7202 47
2113 91
9648 28
1367 1
900 59
8367 90
9394 32
962 66
6342 28
517 95
4257 65
7433 43
4948 49
3560 13
6815 50
4947 16
1048 59
8958 47
386 77
7947 85
1135 13
3426 80
4396 87
1597 37
2867 14
883 23
2878 68
4817 77
6916 77
7889 30
1878 35
4098 25
6245 7
9971 82
6083 69
4266 69
581 43
448 77
8430 45
2065 96
510 48
4770 87
3967 86
3915 82
4314 3
964 91
990 61
5467 34
819 89
216 2
6057 33
470 38
4876 70
7966 57
9314 82
952 23
9329 73
9561 95
8010 27
529 24
1629 92
4866 18
2904 33
6204 22
2121 19
6975 30
3603 45
7519 78
4714 84
8134 79
1865 37
6553 46
7509 65
7192 71
2291 20
4194 71
5563 59
2889 18
5743 92
4892 16
1862 66
8745 64
5662 63
294 27
8098 79
3457 14
216 9
3859 76
8825 3
5946 67
1474 91
7738 37
1902 78
8206 44
2421 97
8211 34
1315 7
6097 76
9569 42
55 18
7521 11
332 36
9872 42
8163 48
7944 9
2515 18
6951 4
2806 52
9933 11
2848 53
460 58
2986 74
4365 34
5101 85
8176 55
4303 96
5018 86
9783 41
1527 45
6288 71
8405 54
5240 56
1757 45
4207 89
5407 54
393 18
4464 78
3991 80
5164 44
1816 39
6950 70
5386 67
3455 68
3207 82
3112 47
804 69
1000 43
3224 9
439 82
797 97
7188 42
4415 3
919 57
3182 34
200 49
2124 2
3819 9
5468 73
2676 27
2254 40
7225 9
8 24
5451 83
7332 41
3364 81
4438 3
2022 4
4905 92
9960 86
1726 12
9435 1
13 5
7710 32
6877 37
3210 83
8876 34
4891 35
5010 94
1169 93
8934 85
9525 23
7787 46
4926 92
7190 38
7129 67
7749 15
5467 13
2519 76
5944 96
6265 54
1230 92
5939 20
3079 100
9165 47
5993 99
1483 69
4173 70
9767 99
8313 56
6688 93
8574 36
4708 92
8548 78
3568 43
9325 84
6348 54
7675 87
3026 53
5938 90
1352 82
288 34
151 13
2103 17
6263 67
6872 50
8560 97
7385 19
2188 84
3196 7
3126 21
8290 26
3074 65
4464 99
3069 1
4641 20
8683 80
7254 33
2092 8
8749 54
2475 72
1303 86
3768 39
7004 7
3674 99
4414 100
9071 3
8977 45
5019 40
4595 88
3840 35
8859 74
6867 12
7706 58
8172 6
7312 98
4777 66
4383 96
5 38
7203 78
7936 68
6829 59
670 5
5503 41
5596 49
6480 36
2036 38
8309 2
1450 67
4211 73
5172 22
2970 1
2840 4
7548 44
1441 2
2873 28
9069 54
9086 91
8210 40
8131 6
3741 10
9593 28
6299 53
7381 48
2971 91
72 95
9465 41
7147 4
3096 94
1499 88
2148 23
6616 16
6776 53
3658 38
9345 40
5143 37
9101 87
1564 100
5339 44
9499 62
534 71
9156 50
8963 2
8653 59
995 3
2946 94
7226 13
7062 53
4318 19
1690 62
8859 84
3098 11
622 13
9710 61
9956 9
6974 41
5131 29
3191 93
2430 95
2503 76
4698 1
9270 23
7713 31
8627 82
3401 17
8395 11
9852 44
2922 74
8856 31
2786 63
8191 59
8356 21
5887 46
3766 68
6092 68
4443 89
8068 64
9063 33
6394 42
514 47
4358 61
4757 61
3104 78
1034 12
6661 71
3474 3
9929 29
4524 67
9726 89
6834 70
4556 77
9310 76
1340 73
1108 86
8766 73
232 75
9585 40
35 89
9018 21
1000 30
7591 25
3232 20
9006 7
9686 31
2395 20
900 3
4148 10
8630 87
4934 89
5924 51
4061 7
9525 46
3847 59
2686 16
6979 37
7597 70
861 28
8441 18
4935 26
1301 81
997 52
3335 44
5113 16
6983 46
4404 58
96 17
1765 72
8462 63
5531 99
1178 9
3887 74
3430 99
5953 70
7317 39
9996 17
7272 44
7168 6
2488 81
8922 22
8678 77
5079 26
4493 43
1097 6
8805 27
6804 34
5488 90
1459 17
1789 12
7139 5
4650 86
4073 21
829 40
8879 68
9872 52
5489 50
3828 68
3675 21
3762 23
3978 19
4102 82
5252 89
7823 11
4857 63
474 47
1419 23
1832 91
3396 61
3083 26
8680 54
2777 69
7855 56
1088 81
7628 49
9004 6
119 5
2387 23
9045 61
8433 1
2524 58
8600 94
380 31
5785 27
9443 19
8752 23
8172 28
2291 27
836 30
3907 63
930 10
68 49
2366 6
2771 10
5367 55
1663 42
2812 62
4535 43
7044 71
9670 87
1889 73
4609 13
6301 51
2439 36
9332 97
1950 61
1959 18
1309 24
7175 31
2086 93
4337 100
3134 48
361 21
3043 56
7043 12
242 84
7484 2
1696 36
804 34
3623 35
3182 73
6748 40
3942 8
5816 16
4839 1
9 75
8000 94
2675 12
9866 17
8467 9
4780 61
2192 15
6262 39
5103 18
724 77
3552 5
649 51
5397 42
1059 12
8410 97
9112 70
1423 63
615 97
4526 81
6165 44
3741 44
4404 84
5911 18
2522 13
435 45
6089 38
3501 90
6989 97
383 47
108 92
295 71
3561 17
5385 76
2166 10
1008 30
9254 48
5626 57
3383 36
7026 4
2548 60
5500 88
4150 100
8077 38
7897 60
5536 56
3603 30
9927 16
7546 11
7691 63
1573 50
4393 26
9797 18
834 79
7905 60
5434 4
1671 33
1791 20
6284 20
6957 32
1031 92
4888 33
4673 14
4500 19
6476 42
8281 48
3591 25
5225 39
5394 11
9269 98
270 2
6453 92
1986 44
4112 70
815 20
8801 97
6264 40
2829 36
1205 81
9506 81
2222 39
2080 13
9515 57
5551 9
6067 72
4558 88
5873 11
979 11
5606 42
8832 72
5214 84
968 29
4024 48
8764 28
3828 22
9260 50
5112 92
8214 26
1348 16
5886 14
1287 44
101 12
7806 31
7722 63
5225 5
2534 38
6888 1
8266 63
3648 81
8843 28
4354 2
9877 65
2145 90
443 92
8205 28
7257 44
3123 57
9355 80
1140 76
7042 64
6332 75
3153 19
3075 70
6834 75
1150 76
6902 4
129 30
1320 74
1219 14
5765 75
794 74
1618 16
3082 72
1196 21
4399 37
6936 82
4164 88
301 38
7857 34
6664 59
9161 17
7214 89
3046 85
7914 16
2999 31
2743 92
9404 60
4059 85
1684 54
3058 34
9843 93
9516 6
6433 68
7595 41
9653 11
5999 13
527 12
4453 73
4449 19
540 47
8749 82
1238 4
3994 96
6988 77
6902 45
4462 96
6390 29
7101 22
6496 47
3462 100
1657 13
7664 36
5376 69
2108 24
7187 47
7270 87
2281 59
6790 74
6507 77
8302 8
174 63
6503 63
9444 55
5736 39
7353 97
4791 62
5009 54
3897 85
922 56
6560 60
1354 30
6746 34
8688 35
9907 94
7312 8
4953 37
7323 7
399 66
4113 34
9056 18
1682 46
3179 43
2652 75
9779 25
5782 38
4385 35
6519 82
769 7
1017 27
6752 80
1587 57
8516 61
2215 66
2026 28
7751 33
4145 84
7631 23
8826 34
749 56
6558 30
1294 94
16 64
4776 36
9370 44
515 74
6823 1
6882 90
7361 96
6955 38
5423 57
9522 19
6840 4
9593 18
137 93
6973 47
9574 18
340 90
8782 67
6725 3
3610 39
3328 84
5691 9
8473 3
9305 79
1492 79
2835 14
3350 27
4517 42
8044 6
9635 68
4052 8
5986 91
5149 19
2210 74
5621 71
5464 1
8955 55
5509 79
6909 65
5558 1
2244 44
9414 45
7122 82
4886 65
1287 72
2885 38
6432 70
6081 80
6340 42
3453 12
6812 69
3612 18
2775 73
5897 83
6637 6
8083 32
8901 48
7176 23
482 14
7539 68
9285 23
3458 16
5644 90
7296 83
531 100
295 94
2368 6
5812 42
9378 8
1177 67
9513 59
7598 13
9459 26
787 40
9539 26
1707 23
8748 16
891 92
7405 86
2726 87
1637 20
7981 5
3278 92
5498 55
1851 74
5021 63
2285 71
6127 43
96 14
1682 86
1591 40
4808 90
1256 98
1081 12
235 7
9299 72
3178 79
2228 55
7422 25
5462 72
751 34
6986 35
5804 64
1129 51
2729 10
8236 19
2549 96
1009 56
1445 41
5168 80
8599 66
9903 77
8096 30
4583 69
6206 44
1140 8
6878 77
2694 33
3940 22
1284 69
2983 71
7339 84
5266 47
2039 11
3140 58
4742 38
4375 96
9866 70
9477 49
690 34
844 29
5342 21
2657 35
3106 97
8209 89
9617 91
6611 55
9426 77
1654 65
4939 93
1374 32
2882 49
7027 48
4570 55
3548 60
4888 91
3440 29
8464 97
4616 69
9045 24
2309 13
366 19
8319 92
7147 72
7608 37
1116 81
4468 50
1081 46
9449 51
700 96
910 88
3738 49
2168 53
6797 83
6473 93
5958 81
7205 76
4052 24
8819 50
1847 78
5987 15
8110 6
9664 91
1004 12
4841 3
8459 2
3642 48
2802 10
7101 99
8944 73
8143 54
8706 48
281 9
7223 99
3010 69
1876 96
8383 85
2154 98
5527 57
9861 67
1211 19
2468 53
6867 22
7014 19
7572 9
243 14
9914 48
1061 94
4408 83
5644 18
3704 71
2765 86
208 70
2836 34
4426 96
2453 37
1015 20
6841 33
2893 54
4551 64
6162 93
6178 76
93 38
2621 52
1873 65
8269 76
2135 86
4013 42
8655 48
4428 81
9544 80
5069 10
8151 9
7494 44
2114 96
1507 27
9540 84
7054 32
1274 75
6836 98
4291 4
5073 77
8841 85
1471 96
2285 98
6928 28
2777 48
5089 79
6608 82
8322 21
977 81
9699 68
216 53
6500 89
2779 87
986 21
4790 10
6197 83
1495 67
7478 31
9916 57
1958 44
9104 98
6323 11
2331 44
4431 7
7176 81
174 92
7233 25
5232 63
2711 70
9783 53
4979 32
187 25
6350 64
2955 66
8420 64
5309 75
4661 83
9585 91
8979 67
6649 54
847 75
3545 32
2551 77
7146 14
7698 81
1818 76
5612 4
1853 61
6019 7
4578 90
2423 39
4664 35
4221 48
426 99
966 26
9353 64
2952 49
2595 3
4377 93
3468 74
9373 85
1102 84
3640 54
3296 58
4112 74
447 86
4112 10
6321 32
5709 98
7883 74
6523 35
4837 27
2835 84
7681 12
9876 48
5637 100
2784 38
583 23
6043 78
6080 7
8103 78
9392 14
7987 12
546 47
5161 28
6720 36
2014 8
3862 100
8043 42
4763 70
9041 100
9869 24
3489 3
4598 84
7033 77
2390 35
9906 33
7349 92
197 46
7938 57
9025 9
3392 38
5268 53
8589 63
5146 52
3932 86
103 53
6009 43
6955 6
2178 87
7634 67
9122 91
9052 70
1782 48
715 71
4604 39
3431 96
7128 51
1600 68
4713 46
5419 96
931 73
5148 92
1816 3
249 93
2441 35
4912 62
8125 63
4383 59
9562 49
8681 65
7539 64
8512 18
3514 12
3086 26
3209 4
3221 39
6729 21
3782 44
6823 31
8888 15
4617 51
7177 41
465 11
5351 26
9360 32
543 98
2495 6
7916 60
5517 1
585 77
5856 57
9216 84
4877 49
7479 51
9731 19
3666 47
9221 94
3440 86
5104 90
6063 63
9173 5
7713 19
8363 80
378 79
2980 14
8956 87
7471 23
4123 99
223 53
3102 54
671 19
4300 92
6664 91
5929 67
2881 91
2582 5
4948 46
6424 10
8625 1
3540 56
467 47
3142 89
9721 16
2987 44
1569 40
9897 91
1910 48
4834 73
4639 62
6692 71
2753 73
2275 52
2270 50
3713 94
8203 52
8849 69
2451 42
2957 71
8310 95
8466 78
4735 62
4820 44
5262 54
1569 100
415 60
3770 19
3884 96
9922 53
7446 34
7046 48
7238 46
668 88
6939 24
1858 100
5918 24
7829 52
5037 49
3648 98
2302 68
6549 68
9827 70
4939 10
9066 60
9862 63
4846 59
4862 83
1856 29
1770 46
9152 79
6746 21
6654 74
8425 43
7222 72
8340 75
3639 41
1295 17
7910 33
9878 27
7444 91
2541 89
9349 2
723 56
9282 92
2701 85
2471 98
6206 76
372 82
3518 45
9405 10
6172 95
9450 66
9211 11
50 88
7038 93
5178 78
6134 78
3332 56
8433 65
5700 85
102 22
9635 59
9997 58
3640 15
302 44
8076 73
2438 25
3938 48
7587 39
7087 24
7832 64
554 17
9493 37
7172 77
5553 71
8113 54
7392 47
8312 41
4104 3
3607 58
1346 82
7230 35
5558 20
1782 44
7858 20
4120 41
3835 25
2357 27
1261 81
7603 65
5103 16
8819 47
9814 82
2587 18
8137 93
4675 82
7874 56
9617 83
5775 50
2926 85
9322 45
2025 56
4421 34
6483 81
6614 37
5198 68
6152 16
6914 18
3849 100
2587 85
2044 61
7819 69
1868 87
6051 95
1536 29
3979 57
8725 55
365 46
9440 47
5178 5
7283 75
473 87
4390 86
2104 91
3238 90
2927 81
8302 45
1550 69
4531 100
515 19
2928 93
9627 53
3200 91
4798 39
3189 75
5044 24
6702 68
6610 91
9253 65
2033 90
6106 60
4123 59
2056 72
7279 39
9623 94
5357 51
8638 35
555 89
7678 4
828 66
8030 23
7689 31
442 50
2174 94
2066 6
8536 23
5517 58
5281 25
4681 60
6863 3
6705 71
3205 42
9905 59
3531 34
1814 10
1152 44
9284 92
4574 25
5842 99
5770 59
3657 57
8782 25
9666 62
9449 46
2973 11
8649 77
4881 53
1371 38
1964 53
5071 77
1962 22
9972 97
1414 98
7321 7
3996 42
7865 52
99 98
3177 64
7060 25
462 84
5288 62
2413 68
7314 83
7657 29
5035 28
9406 48
5301 29
944 66
6626 16
6672 22
4057 89
4625 55
3886 53
271 97
3130 32
33 17
6193 45
4936 58
6227 93
1839 13
5320 96
960 72
3324 3
38 50
6518 61
6923 74
3949 47
1081 87
5700 3
1483 81
8434 15
3597 78
3959 84
7187 37
7476 25
4149 47
6620 60
6119 96
3362 56
6245 31
5568 67
3157 17
1065 89
3703 16
8291 37
8296 76
9404 44
405 14
3128 91
2603 3
2968 51
9750 39
8211 20
2234 24
4727 30
507 94
7996 63
6162 13
4251 64
8528 41
7753 24
5616 8
5067 20
3221 94
9962 75
5149 29
8926 50
5220 88
3469 53
7763 95
8635 69
4840 82
1931 2
8394 33
7217 22
5073 69
97 40
4828 63
9411 49
9709 25
223 57
5005 100
6106 24
5339 26
4029 2
472 63
7722 11
5644 53
6312 38
8537 29
7311 10
4849 7
7001 77
8921 64
4077 81
8488 51
9837 44
2503 94
68 93
4571 48
3646 42
3110 68
353 5
7372 16
5494 8
2896 56
5869 45
6562 70
3773 35
1985 1
6815 72
1203 4
315 57
5297 34
4250 68
7181 95
1261 42
9262 13
1747 33
4629 92
8893 76
2748 61
7972 61
7630 44
7495 14
2296 10
6437 99
7313 4
9907 61
6189 56
5180 70
2051 41
11 64
8053 9
649 33
8053 41
2909 100
4301 80
6460 83
8976 7
4248 23
4616 37
7473 80
140 80
7240 28
1535 20
6049 37
8860 12
3953 64
6872 53
8649 24
493 57
2075 45
8788 87
5779 15
5193 79
1738 60
3415 10
4439 6
2941 78
2585 76
449 34
764 8
7397 16
8924 68
5668 72
5544 12
9128 18
9 67
8856 39
4734 100
8517 71
6559 31
2032 97
8188 25
9027 73
5800 75
5758 15
5135 54
7631 58
7421 50
1629 16
8514 8
3286 22
7726 41
660 59
2541 29
5281 51
7459 65
2800 47
4989 26
2771 40
7652 28
54 38
1681 36
9547 53
38 75
1121 51
4634 6
3424 60
6546 35
4818 38
5963 51
889 74
115 88
1772 55
1865 42
8594 68
9421 47
1358 1
2683 4
2905 72
8431 25
7622 64
8430 97
1775 28
7831 45
3117 46
9395 5
9919 61
4044 90
7315 60
2583 8
4480 3
4554 89
9455 88
3092 11
2659 22
2736 32
938 17
4028 12
5196 59
5656 13
2004 50
8669 74
910 65
6315 24
1324 49
483 55
7251 37
4343 57
4976 87
1767 87
5308 54
618 97
8371 98
5309 66
9208 64
8230 63
2366 99
5836 27
5963 50
4203 38
7398 85
5793 100
6073 87
4056 49
273 74
1387 33
3028 56
4529 50
9353 37
7667 60
7153 97
6122 70
2795 9
5496 57
6810 98
2394 7
4383 38
1558 7
7377 65
7855 1
491 93
5933 18
3949 62
1267 1
6650 33
8213 54
1181 34
6023 75
2643 19
9083 52
7568 29
11 50
2366 20
8757 94
6237 63
95 27
4908 27
244 56
2840 62
8508 42
3146 20
5995 27
7406 18
4653 100
9888 36
5851 55
1564 13
5757 81
6485 65
6375 21
179 21
9447 86
8847 90
293 39
3903 1
3880 100
1872 26
4078 77
4595 31
5676 82
2466 79
8289 29
91 97
661 75
1261 35
5647 91
9855 93
2877 54
1134 21
9444 36
8321 23
4788 93
5900 65
5821 95
7595 97
1328 60
9375 68
440 17
6364 53
8744 24
839 90
5415 94
9483 43
2099 16
4163 42
2004 36
1216 91
9028 67
2007 100
3961 2
2696 41
6013 22
7608 5
4239 72
257 34
7947 95
3723 61
8140 57
4355 90
173 18
8131 28
7353 98
1670 32
9165 76
3931 77
9629 79
7469 42
1400 29
4798 90
5400 54
1323 46
2500 46
3059 40
4602 13
7229 26
2282 12
6005 86
3761 74
8717 77
7702 100
5106 82
1978 74
9323 29
4002 72
1719 53
5525 41
5451 25
8086 9
5016 40
2273 44
6517 7
307 22
6892 68
6547 61
3344 100
7312 49
4282 89
7375 56
9017 76
428 35
3481 4
3776 31
6680 13
7439 95
3604 63
291 21
6969 97
2642 13
4664 88
2173 60
6140 84
9160 21
5124 34
376 92
4262 55
1227 42
9459 54
6672 38
5918 62
7833 22
2876 23
9642 45
5071 35
6409 87
7822 81
446 13
4416 5
733 91
2491 61
6382 52
4615 60
845 73
1665 16
211 83
4329 95
7104 4
8869 97
3400 39
1731 8
6377 4
4740 22
6217 55
2779 49
5045 69
4409 79
8372 76
1738 16
9448 3
3083 10
985 63
404 40
7318 72
3888 18
9563 18
6877 91
7873 17
9113 89
7123 43
7390 20
9863 50
6298 86
3525 35
153 25
7789 35
5334 25
3349 38
5916 66
1361 3
1383 75
1772 12
9566 45
6228 30
85 2
9624 26
8221 86
8328 70
4071 4
5257 23
7528 45
3809 62
8170 57
4951 85
4174 63
240 9
6290 11
6520 55
8007 99
7236 44
8800 59
8269 73
2696 96
4242 66
1152 98
7340 79
8895 100
7892 16
4656 94
3852 81
1857 91
7089 46
2454 8
352 60
2706 39
4903 6
797 24
1230 92
2471 71
6609 22
1321 100
8653 67
7799 44
9982 6
5738 33
3986 46
4276 75
8443 29
4682 46
7188 40
9084 43
1597 32
7966 26
6075 36
4648 35
4058 20
9334 10
5238 84
5605 19
2289 94
5404 26
1639 79
52 33
2759 86
1578 98
4825 13
4740 21
3244 57
5598 70
9493 45
4704 2
8917 89
8963 54
3872 19
5725 12
8613 80
1490 3
3510 41
3036 68
2626 65
2565 50
7978 57
222 73
2713 19
9595 57
2416 50
8458 84
1039 72
1837 62
4691 13
126 55
1392 15
6257 1
3155 44
1168 33
6609 85
9582 38
3741 56
4862 5
8326 8
1362 41
1458 71
4776 96
9943 13
109 85
6877 34
639 69
8200 47
9521 7
8891 41
9839 51
7125 72
9140 17
1927 53
21 53
1161 34
7345 18
3905 21
1465 99
5085 73
1183 61
1807 73
6581 58
1419 2
4064 61
3142 2
4863 18
9674 2
3834 52
4355 6
8204 15
7940 1
4484 96
4021 48
8394 5
7520 76
7417 78
4100 98
2036 18
99 99
8531 92
1 93
6209 26
3747 94
3977 1
2951 33
9967 42
433 50
5437 53
6749 82
9909 68
6109 25
6298 8
7674 33
2078 24
783 8
3715 83
352 75
3160 98
2668 37
8550 19
5669 16
9212 1
9317 49
6905 17
4830 13
6685 39
489 34
7498 15
7666 75
8638 48
6534 5
5583 86
4979 42
983 99
2230 33
5969 50
4400 80
350 69
6180 54
2485 62
418 21
8300 59
4854 49
1773 71
1724 10
3671 9
9114 53
1494 45
4346 77
4443 28
8361 11
7177 12
5590 27
9180 22
1132 17
5483 2
9889 34
5160 43
2282 84
9965 57
3693 35
4966 59
9239 59
5955 85
5287 97
6512 99
7159 88
9111 100
7566 42
7221 50
2658 3
9303 47
2836 62
3641 70
7745 57
1826 89
3592 91
3299 30
9602 53
2766 88
6001 29
4887 59
5669 97
8611 86
4990 31
4635 48
4886 37
6546 21
4750 38
9190 46
6494 68
2987 37
4158 37
5619 11
1890 36
4999 42
365 37
3753 33
6585 63
5618 74
8193 5
5573 30
6893 18
7151 43
5007 92
6840 53
59 26
4289 69
2463 59
679 4
995 29
4945 11
8265 49
3743 1
7411 12
2775 56
8668 47
1385 61
6817 87
3555 75
3931 94
6027 41
220 68
909 34
2926 40
9737 72
6320 33
7982 37
2434 76
2137 44
140 63
8151 7
5962 36
4367 78
774 73
952 4
4667 31
5045 86
9998 5
271 75
6596 59
9547 16
7391 28
204 76
1956 92
6020 95
9955 22
901 16
6409 20
5045 83
5892 96
8238 58
9326 82
1795 75
1939 65
4950 34
4775 48
7801 66
8375 4
8341 82
6696 12
8776 2
1234 77
8917 94
7648 61
1176 39
6308 14
449 86
9047 95
7660 85
7012 61
5871 86
9808 71
303 35
8027 96
1216 74
5707 92
4075 92
6020 43
7286 67
9655 13
3557 14
578 5
4299 25
8952 59
609 63
919 79
7748 79
6502 51
1613 28
3046 28
1953 4
2819 79
4748 90
1721 85
8856 27
9549 65
40 27
9121 39
9751 72
2649 11
4034 19
9542 34
6997 95
6184 9
3274 81
1437 26
7036 7
7604 83
5797 76
6519 4
3402 68
9768 41
6194 41
7779 96
3312 79
5358 98
6698 51
8183 46
3645 18
8655 70
6298 43
8495 85
7049 50
7820 97
8125 38
6553 26
6757 72
1319 2
7912 49
7949 76
2228 7
7625 77
909 7
5322 6
6524 76
4175 73
418 22
8857 19
1471 76
9367 96
7366 19
7473 22
8591 91
3424 2
4240 24
429 19
7382 53
8095 91
3859 16
5548 82
3744 22
9554 13
5095 63
4331 66
1438 50
2513 55
5968 85
9277 58
5128 52
7412 67
6775 40
8537 57
5893 31
8799 3
6398 46
6485 41
419 90
654 14
7152 36
8431 42
1385 43
96 5
7279 72
4614 6
4775 25
8124 2
6217 60
8410 61
9642 8
4563 40
7905 99
6180 75
9789 85
188 40
873 18
1881 9
5912 29
2313 91
4052 27
5596 27
5303 72
3080 19
3083 89
9979 25
5048 94
8764 4
8292 95
3978 80
4480 18
1372 4
9135 4
312 99
7932 25
4589 36
5903 36
7162 5
6607 93
9076 90
4433 54
8766 80
6299 29
5135 91
8823 12
9022 54
9629 93
7709 16
6349 21
6514 32
6997 54
8967 99
3989 80
4103 48
9072 78
2989 4
8584 54
9335 82
5634 69
5824 8
9933 46
462 61
1590 70
1028 38
2542 41
4922 38
4994 88
2436 35
2720 91
2282 91
6068 22
1647 3
3375 33
5885 8
8154 8
6167 86
2905 28
3998 95
1150 26
2432 43
8918 5
9581 64
7593 68
5598 12
1258 31
8454 26
5852 52
4680 78
3785 64
937 90
8624 3
6375 28
83 24
6022 84
1749 6
7626 19
8510 58
7282 54
1926 31
9117 83
3461 23
6860 64
374 40
1241 10
8455 29
8799 78
5631 25
4958 13
8249 31
3296 49
8488 74
3367 50
831 100
5803 56
2582 72
5939 42
5194 98
8057 67
689 49
6077 44
4177 27
2573 8
2752 30
1872 100
1213 20
7348 100
8793 67
3049 75
418 4
8731 100
6475 21
5393 68
170 50
3586 59
5450 14
6354 27
7241 26
5786 44
2808 57
7343 20
9176 42
71 20
4460 72
295 78
1027 77
4229 1
6397 21
5520 18
9422 57
3776 72
1471 81
850 11
5407 35
1406 14
643 48
8585 71
6141 7
6842 1
4478 36
1830 56
8864 58
5708 12
2030 27
4530 52
6684 57
2675 54
1138 76
3216 96
6510 73
1109 4
9720 45
9674 12
1051 16
9164 81
3 45
88 67
3402 96
478 84
7022 59
9587 57
6016 13
4562 5
8488 29
6400 49
5101 60
4852 72
9904 78
3384 6
7393 99
5538 47
6244 26
8965 45
1421 43
7780 94
7153 66
4851 68
5978 64
6672 65
9893 23
5813 45
3282 17
2517 85
7894 52
6843 38
1150 32
5384 93
4357 49
3390 29
143 69
3275 95
4887 25
6815 64
240 86
1681 32
9261 45
1477 42
861 93
2079 54
2596 21
391 45
4004 27
1138 61
6475 27
6841 17
2047 15
263 33
4591 77
4149 31
6915 81
4962 75
6025 90
8716 38
3134 46
8343 29
6066 86
9474 70
7212 63
4782 38
7841 74
3006 39
8089 68
3172 79
345 72
3861 59
5852 75
9785 76
7964 52
1465 50
1998 8
3178 15
4893 3
836 4
2317 17
2141 57
9943 46
6396 31
4765 19
7061 9
9590 74
8719 93
2448 3
20 63
3355 85
4212 52
1292 42
6118 36
9096 54
991 13
8922 31
7921 64
4628 68
3246 44
6586 59
853 27
3932 23
4319 79
778 91
9493 84
2175 5
2187 18
3798 4
2353 93
5257 43
657 79
2825 78
3042 4
9245 88
9547 83
9298 51
1061 29
2674 80
5959 51
6070 51
3934 96
5507 72
4413 56
775 17
4901 32
6459 57
210 83
486 3
9438 83
2242 84
4617 39
5735 77
4767 60
7408 25
4562 29
2528 47
4424 86
7318 88
42 92
8304 42
4123 62
6850 84
396 88
287 33
9770 28
5169 86
4067 55
6414 85
8366 22
2262 27
3650 41
4125 26
5526 94
9613 19
5885 17
3212 60
9030 62
3395 78
3749 33
1962 70
8913 30
607 31
736 20
4515 1
841 28
8379 43
4268 55
5268 94
6648 32
8064 85
5500 76
1596 30
7689 42
307 89
1375 20
7658 87
2102 16
9617 37
1635 83
8290 28
3611 20
6022 78
1875 89
4023 74
8872 87
3758 72
9714 5
8901 2
3047 59
1542 73
530 51
1059 31
166 27
5468 52
7509 9
6979 71
3128 52
5349 2
640 23
9876 64
4161 85
235 74
1690 87
7627 88
1045 68
1860 74
1070 70
557 35
6296 24
9387 56
2484 17
7627 11
2069 27
6965 60
1401 40
4923 62
3176 57
5787 17
643 66
8656 39
5285 15
5965 55
6136 73
7589 31
5248 27
8939 31
6044 17
3341 64
8595 5
9875 95
3496 98
1908 72
6306 47
4240 1
3812 96
7691 96
9762 7
5450 98
2879 91
4680 26
2717 18
5856 12
2886 49
5927 32
5853 2
7827 1
599 86
8724 56
132 63
2908 43
2210 99
9391 72
6957 40
7869 88
582 48
4313 99
2518 21
4762 55
2069 89
9587 73
6490 65
9973 40
6202 96
3047 34
1659 55
6628 20
2905 18
2191 61
7210 59
6048 91
8959 13
1089 28
3233 3
5934 53
2891 20
5925 80
5636 98
9171 38
945 17
4523 55
8171 50
9175 27
3520 65
7288 29
7776 87
8519 86
2751 60
913 35
8162 46
3987 52
8718 64
6783 5
8513 53
2542 57
8169 64
8412 92
4566 86
118 85
5302 57
8813 29
9796 83
2514 98
9642 78
1233 55
2976 19
5206 45
1482 40
8749 46
644 91
5803 65
4706 66
7856 71
4503 25
7355 4
4434 19
9233 81
6202 98
9478 43
7876 10
9998 3
2281 55
5247 14
6247 95
6460 90
5285 62
8406 43
2827 13
5613 29
6938 68
3484 23
5486 68
8303 39
7166 80
3882 93
4842 31
8595 22
8137 93
7235 83
4187 94
7625 24
2307 30
2166 85
8643 30
5165 32
3449 49
9654 87
7716 56
3325 33
2087 6
2625 28
3788 71
4049 25
4115 36
2659 2
7681 83
477 88
2665 94
7824 7
3123 89
9590 72
1637 43
1858 4
3550 82
6937 36
8740 13
8916 79
9836 16
803 50
6951 14
8603 32
6448 79
971 12
8072 94
6770 95
8134 59
4118 70
1953 75
5474 2
7508 62
7490 99
4674 5
1478 61
2072 32
4811 23
8445 13
6 93
8844 28
356 15
2473 26
4461 7
9836 78
6728 89
904 53
7290 12
7314 31
7362 40
3887 39
9200 59
7471 62
1333 67
127 90
3511 70
5017 67
2236 41
7344 49
4447 31
1626 75
5319 82
9727 61
3645 93
91 6
1732 30
9845 83
6288 67
7645 72
2285 23
1661 96
3092 29
6014 79
6869 9
4727 68
3239 5
5194 58
1586 72
3870 30
4664 12
2587 47
641 83
30 80
2449 26
7251 34
8148 11
6881 91
8291 46
9269 60
8954 96
2827 92
6700 20
7101 85
9291 70
9866 7
1282 52
3053 74
1235 34
1554 35
3459 4
1120 58
4067 100
5548 57
7245 17
7516 50
5164 94
4742 63
1065 94
6499 56
5516 16
7014 49
5167 66
1422 53
5852 75
2788 10
8131 59
7268 97
4611 67
905 7
3983 73
757 98
1466 50
7360 31
43 10
9238 10
2925 3
5058 44
2668 32
7196 19
2158 35
4181 88
2946 100
8836 56
6966 41
5762 1
865 18
9150 30
8367 10
1212 62
3071 1
6671 48
9403 81
6791 23
912 38
3293 21
3025 25
9709 70
7976 96
3525 94
988 86
4946 52
2156 95
534 74
6956 97
7987 27
1250 10
2374 4
9090 16
1778 53
5853 71
5773 77
5247 33
4846 23
3081 22
868 68
360 13
2272 15
9907 57
5740 63
7253 27
3241 2
4736 14
1858 77
7481 35
2881 33
5057 53
8562 4
6838 7
9878 18
4481 45
337 40
6557 8
3706 15
1764 45
9677 69
3171 69
222 58
1234 79
786 14
5714 66
2047 70
2319 8
7425 8
366 54
5425 46
4398 61
9685 6
4721 90
121 84
2835 49
8204 57
5418 26
2967 51
504 52
5365 69
7418 63
3339 88
4370 15
1595 35
769 19
5933 66
9131 17
8824 51
5359 44
6687 45
1444 90
3253 61
9667 19
3512 71
9971 28
2739 40
8990 29
9827 59
5896 21
4445 64
4791 77
8181 21
2346 4
4124 56
2299 62
8600 43
2051 52
6955 18
8071 18
8240 93
2045 30
4484 34
6111 10
744 6
2082 41
8669 72
8269 1
7144 14
6557 19
1021 55
4780 20
8949 83
1472 4
1252 94
9073 43
6638 18
3172 21
8503 34
1782 47
7639 63
7139 59
7086 7
2212 81
2373 68
4552 93
3974 83
3013 23
8865 36
5178 16
3081 50
2310 70
1719 82
7190 22
1115 23
5820 6
5537 58
7764 74
4716 27
5906 88
5094 57
6833 68
6140 45
8342 56
7032 71
7824 64
472 33
2533 91
5614 22
8764 81
1396 35
4538 32
3892 53
2257 59
4980 62
2047 73
4971 79
9140 62
5075 33
8817 58
3703 40
4921 75
6773 53
2717 38
3526 80
8170 73
2414 7
8204 57
1360 12
7615 39
4973 13
6411 95
1243 3
3756 17
5735 73
1126 90
5564 46
9964 36
9850 80
7426 75
511 47
4647 24
4654 2
1932 65
2365 46
5055 38
5559 17
3632 1
9719 88
9470 6
6312 95
3947 75
2993 10
563 94
2941 40
8921 51
6286 19
2726 91
5473 57
9655 37
4202 61
5174 12
8878 58
9265 48
8897 34
6753 8
5680 99
3434 24
960 96
4218 52
8335 38
54 73
9408 79
8263 80
3787 70
2717 41
5330 90
452 59
9399 16
5507 95
4801 11
9854 33
5662 88
1856 21
3635 25
3225 22
1914 78
9294 22
2409 8
6201 95
4529 69
535 11
3159 39
6769 9
3406 75
3556 7
886 9
1391 47
3048 98
9519 83
8375 43
1356 88
6021 49
7961 81
908 14
975 37
5782 62
1647 92
5200 15
4201 5
7042 56
3163 27
7516 5
4473 16
503 43
9950 77
3086 5
5516 58
8305 77
238 12
3990 64
4648 71
5425 46
5063 24
7413 15
5581 54
9722 95
2380 37
6000 4
504 2
9898 53
5378 83
1757 93
4792 61
721 29
5625 10
8945 72
833 69
9270 47
4993 82
4213 25
1135 34
2019 66
7522 18
9421 26
871 18
4830 48
8653 87
3493 96
2999 65
1177 23
5275 21
5247 59
4489 16
1057 33
7549 69
2757 35
9202 28
1252 75
9145 72
7452 16
6341 82
2615 45
5220 59
1141 18
3024 17
3193 50
2437 39
7108 25
9306 16
9110 54
9784 66
1888 37
9345 39
8411 90
162 63
4857 54
4496 23
4199 15
2634 39
4284 57
4007 76
6658 43
2266 17
9719 23
4632 28
4776 15
7046 15
9751 90
2505 13
1231 18
6727 39
1872 22
2614 22
7288 47
7760 72
7255 18
5399 12
4560 65
4028 30
5587 59
9458 15
3073 55
6081 75
5596 86
39 79
7603 18
5617 26
691 30
8247 79
9828 58
5902 82
475 100
993 86
5316 20
2016 55
30 25
321 54
7031 1
8628 26
1338 19
5804 93
8136 73
1118 26
2354 17
3156 82
8074 57
9263 1
6709 8
6286 76
1627 53
1982 57
8829 2
1110 59
5055 90
4837 44
7460 92
8036 95
1116 6
772 70
1222 28
2003 47
9336 17
6899 96
4224 37
7124 3
4189 5
211 70
7759 20
1580 13
3761 68
1908 20
9760 44
3166 27
1801 90
696 74
569 50
5020 56
6667 19
8652 42
1455 75
9444 95
1231 54
7716 89
7326 96
8153 86
2063 61
8658 74
6356 75
1753 56
8464 100
7529 32
