22
15
1 14 3 6 7 7 7 5 4 4 0 10 14 4 11
5
4 4 3 1 0
4
3 3 3 0
13
2 4 7 12 0 4 9 12 0 0 0 4 4
4
3 0 1 2
15
7 9 1 0 14 2 1 1 5 14 1 4 3 5 3
12
11 0 10 0 10 9 4 6 11 4 5 0
3
1 2 0
12
2 3 4 5 11 7 11 0 1 6 11 7
14
13 8 11 9 9 10 9 3 9 0 0 0 11 0
15
8 13 12 0 9 2 1 1 13 0 0 12 13 14 4
14
13 6 0 5 8 12 5 2 3 5 2 13 7 8
5
4 3 4 4 0
7
6 0 0 1 1 4 0
6
5 4 4 0 5 0
16
12 14 9 4 5 0 0 11 9 11 7 4 9 4 11 4
15
14 12 13 14 8 0 12 11 12 3 5 2 0 14 0
6
5 0 5 0 1 0
3
1 2 1
5
4 0 4 0 1
6
2 5 1 5 3 0
13
12 11 8 11 2 6 8 4 0 2 12 0 0
