1000
355 194
450 244
659 134
498 162
184 19
211 31
324 124
874 795
547 417
944 154
480 316
995 224
409 270
423 82
178 60
838 582
473 470
618 16
494 423
404 140
414 310
197 27
358 356
950 115
866 853
880 792
883 213
610 145
107 60
527 65
700 458
510 47
822 772
449 310
958 609
807 543
572 120
771 407
350 289
270 83
742 606
677 244
350 23
591 344
376 132
926 810
951 92
582 131
457 450
839 33
212 158
353 73
683 616
346 325
810 275
523 318
837 723
464 205
506 209
857 133
629 563
440 299
970 793
228 110
403 227
664 250
234 200
919 448
583 79
445 218
486 334
546 528
295 201
473 2
637 261
470 368
954 947
392 375
642 48
873 278
203 68
523 136
887 161
146 134
734 125
794 712
103 96
103 76
759 76
425 205
241 228
938 606
580 264
598 198
712 58
839 597
145 48
197 8
316 20
996 258
876 387
577 238
909 171
517 20
918 895
352 268
906 99
880 183
788 185
861 823
404 182
259 207
989 326
486 70
486 459
214 141
956 341
136 84
587 259
788 304
531 306
119 57
528 447
785 369
402 71
166 110
846 800
165 149
890 119
577 92
111 4
856 207
964 526
969 412
250 177
728 114
250 106
632 402
621 548
356 24
832 739
762 18
187 2
358 268
880 662
498 443
588 344
569 355
925 522
753 593
965 635
723 508
815 723
222 134
840 131
806 210
443 52
741 30
202 145
826 366
555 505
574 263
784 710
375 322
668 180
686 577
871 859
800 77
658 466
121 103
806 352
808 54
785 615
184 143
125 37
708 17
866 246
234 154
874 250
929 535
712 477
409 250
193 177
634 133
995 124
838 782
963 623
384 152
488 238
406 220
397 183
146 85
874 525
170 156
783 424
167 54
642 551
265 151
984 864
492 199
645 597
243 237
561 278
940 265
944 381
476 46
476 133
777 148
575 350
567 422
466 150
823 366
955 699
831 58
974 203
601 216
530 112
850 247
437 135
817 769
701 342
404 354
542 344
353 58
118 72
373 274
358 307
751 648
438 318
126 5
208 101
364 255
633 503
840 456
104 95
316 311
407 26
742 47
116 33
556 543
124 40
353 331
562 468
308 28
680 249
310 79
254 91
512 20
458 342
270 9
801 643
936 215
950 826
951 260
910 635
730 233
830 171
711 436
734 412
667 630
806 19
764 209
177 147
278 156
440 245
694 682
268 135
255 57
768 436
498 145
264 132
503 266
647 604
341 310
488 108
249 21
254 220
914 422
831 206
713 172
651 77
217 80
687 118
350 270
936 673
639 592
406 264
853 214
941 875
130 118
296 6
440 102
429 63
866 763
982 309
482 87
722 535
723 408
402 375
421 411
630 114
244 47
810 79
614 293
291 247
912 755
525 374
409 325
174 23
585 390
146 109
802 698
233 148
243 186
933 910
670 123
198 163
523 432
972 514
686 520
863 504
154 1
425 55
414 249
414 7
751 726
418 376
456 25
754 545
818 345
949 601
792 549
454 241
192 72
284 81
680 303
675 368
364 139
684 646
405 300
739 169
106 95
931 278
454 276
644 320
798 722
915 591
789 96
264 62
985 40
852 163
436 70
670 219
766 2
814 736
227 76
904 496
424 380
902 629
828 119
172 103
698 208
839 292
206 85
402 157
835 692
604 247
248 208
767 20
171 132
589 202
293 272
433 396
991 502
162 49
401 315
800 42
627 166
824 456
275 89
242 33
199 185
404 162
480 224
727 327
304 108
990 708
850 270
532 99
569 21
208 188
332 296
823 618
284 26
685 201
772 155
934 157
948 162
521 507
160 81
525 437
960 767
566 44
953 746
128 77
342 106
478 43
305 153
598 380
277 36
985 779
755 673
815 98
117 2
962 664
996 417
434 70
782 505
762 463
686 555
313 210
935 537
963 819
696 624
849 338
359 115
859 65
766 722
177 72
874 175
159 100
484 444
159 55
202 3
364 91
922 854
710 694
198 97
789 590
475 276
825 160
698 446
660 295
836 606
391 311
439 430
813 401
662 606
850 278
170 121
676 127
877 234
302 82
148 14
880 709
471 347
359 86
787 266
978 668
875 267
423 157
966 603
967 945
454 446
729 22
376 57
158 98
689 364
217 133
311 135
101 79
812 31
692 91
213 198
364 61
484 147
361 55
212 157
880 299
317 58
315 18
135 26
869 786
352 213
255 149
221 130
910 640
785 63
773 700
249 183
727 128
216 179
927 490
645 93
953 740
277 259
759 709
732 132
714 694
855 683
872 571
322 178
712 403
743 215
397 214
601 397
107 40
542 282
797 246
141 18
888 142
704 73
596 133
462 206
257 191
192 95
914 840
303 289
761 532
698 471
393 182
425 201
795 14
494 452
446 108
868 40
434 411
214 110
486 270
404 346
669 413
159 125
331 213
212 26
660 484
453 264
234 160
406 188
483 142
809 142
568 38
570 160
899 613
879 874
348 14
904 267
365 234
607 36
461 268
492 432
996 526
178 130
233 85
660 242
993 912
109 28
927 752
418 371
986 695
193 24
493 247
850 400
719 422
780 137
277 98
154 69
320 235
517 511
954 739
609 477
773 639
951 285
283 94
908 728
584 18
717 346
798 425
991 878
577 456
142 51
640 349
245 143
824 12
485 163
858 87
225 213
658 447
389 304
542 189
642 87
301 263
148 33
172 86
629 27
242 212
925 859
680 306
395 359
547 87
901 514
956 319
766 419
767 146
402 178
478 421
887 449
242 13
167 82
655 39
359 38
688 558
344 180
594 257
310 31
258 86
109 95
491 193
427 38
289 209
930 216
425 21
100 40
873 749
516 425
156 3
125 43
126 66
898 357
350 54
365 14
699 159
730 207
122 80
964 645
111 99
953 9
320 260
200 43
558 552
247 69
924 105
201 21
830 77
244 15
767 744
264 147
334 68
221 193
273 80
536 6
547 366
421 233
667 275
841 112
364 133
299 261
237 191
555 151
476 1
612 201
222 167
352 346
159 1
242 25
739 252
837 71
138 111
893 71
967 235
280 48
858 775
816 608
238 53
611 298
420 126
118 110
419 202
629 620
843 791
214 76
812 92
564 529
634 126
748 369
126 3
684 567
265 176
108 101
567 22
272 7
538 329
469 252
856 582
603 395
133 127
652 113
219 177
127 17
544 538
871 67
455 124
309 178
579 201
927 528
641 616
446 123
613 365
616 557
731 523
308 238
553 25
506 280
401 320
673 219
403 318
601 54
992 341
574 556
732 635
376 172
120 118
863 740
328 285
442 235
338 180
325 46
169 62
741 26
781 392
520 306
409 363
104 101
490 327
719 398
367 225
689 296
397 365
988 776
865 845
459 346
731 312
353 51
782 361
906 827
273 268
401 209
526 80
836 46
770 617
243 134
980 320
361 40
777 232
120 77
406 24
646 524
329 233
947 723
560 82
399 303
202 58
288 14
580 52
473 441
429 5
750 506
870 340
685 653
825 508
473 440
866 668
747 489
138 54
893 117
453 278
346 255
891 846
668 205
953 852
175 105
321 169
295 47
585 359
783 661
877 509
362 163
448 243
633 454
292 237
927 879
432 191
593 251
911 856
592 411
309 213
985 594
271 74
136 125
599 572
230 110
929 410
692 615
407 314
295 271
294 103
347 286
823 821
704 178
688 474
512 260
528 280
612 553
812 187
218 124
260 13
301 211
639 70
888 206
771 42
133 76
418 179
549 67
558 245
969 836
957 848
438 365
445 333
155 9
913 4
574 28
581 517
644 388
611 507
868 116
497 485
479 472
759 695
564 147
341 129
828 616
299 64
454 265
271 158
429 352
157 60
120 1
637 529
167 147
852 779
796 454
776 282
717 626
363 65
828 113
347 324
276 134
868 274
136 83
577 564
227 221
208 127
846 648
621 552
685 248
237 179
555 165
848 747
561 215
897 369
618 376
526 324
685 51
347 140
350 125
489 232
895 517
263 38
260 18
504 203
523 148
727 50
661 144
605 138
760 185
343 133
801 65
944 499
654 132
808 336
662 117
462 435
132 92
182 25
413 159
163 150
537 117
207 109
202 191
392 131
206 108
234 148
307 17
667 280
555 163
640 526
837 342
965 62
815 158
900 636
620 20
751 53
223 53
751 263
526 484
743 440
719 271
957 655
671 95
406 14
982 561
206 187
665 13
200 173
831 801
961 781
562 542
313 220
702 626
478 438
416 244
920 711
670 430
687 458
784 242
586 152
986 772
349 89
574 152
922 646
283 203
277 237
517 98
614 526
274 220
590 485
172 128
994 736
925 132
649 141
320 119
706 48
740 61
379 80
303 278
764 7
433 66
982 771
862 422
172 128
484 348
400 62
511 347
280 193
809 481
478 324
765 110
591 9
472 450
358 189
468 231
225 166
719 356
497 444
137 103
176 18
492 295
272 189
650 167
950 399
929 514
304 236
560 63
134 30
942 293
560 308
102 75
229 3
841 774
314 190
339 169
773 145
688 111
597 315
553 50
618 556
930 369
386 337
222 164
832 163
950 231
