1000
721 84
748 428
802 72
810 221
806 727
705 219
666 509
736 255
967 122
689 575
123 67
505 35
487 120
825 268
307 295
284 257
744 440
718 22
496 165
513 193
702 376
896 673
867 861
162 91
327 85
943 400
744 573
366 146
523 93
999 722
850 512
133 2
588 328
831 305
200 80
597 511
853 530
679 526
645 497
695 286
148 81
464 408
445 76
937 611
322 310
491 204
468 50
791 656
662 566
643 427
941 874
464 43
745 602
565 344
639 227
479 372
248 78
388 169
458 110
431 318
726 495
750 29
205 145
829 673
851 707
730 475
907 316
587 271
231 31
646 411
148 61
284 279
378 224
611 487
669 194
161 154
173 149
636 584
653 338
252 71
106 26
289 229
973 49
217 26
661 201
624 237
453 394
629 181
966 868
927 910
451 24
189 83
243 187
964 537
461 30
242 182
428 337
957 764
886 661
589 304
570 24
691 602
741 678
780 460
124 20
442 141
616 23
212 115
886 822
882 329
700 37
765 244
763 387
130 23
103 87
589 272
786 133
643 462
433 269
234 131
176 58
508 505
512 278
900 268
469 207
602 235
463 126
849 203
535 288
512 295
364 189
837 773
107 14
319 138
994 287
136 85
857 544
568 166
771 418
866 272
985 913
297 200
288 120
422 121
628 413
958 247
859 623
790 74
937 871
377 310
677 59
793 535
812 756
580 571
681 624
298 93
842 815
311 98
553 222
285 192
757 295
668 652
644 450
726 385
434 198
822 225
541 114
410 167
433 274
186 23
106 3
353 151
601 368
491 385
317 50
765 124
843 552
599 190
110 4
681 109
323 166
919 721
390 340
604 225
845 645
176 2
992 636
469 368
134 117
883 121
759 224
362 191
197 86
816 35
618 542
166 163
780 336
571 415
393 90
971 205
352 278
591 128
908 65
164 88
315 162
736 441
161 128
341 337
984 109
878 552
611 236
186 11
855 200
321 185
859 4
403 284
363 236
539 429
800 600
197 16
430 234
253 21
570 209
915 723
391 258
976 400
237 92
322 188
751 713
943 930
529 300
554 35
464 300
348 95
467 371
467 243
134 113
674 35
616 83
767 349
885 129
703 124
478 471
882 407
863 205
280 181
312 191
982 575
260 243
949 489
282 163
150 26
324 314
891 418
374 124
395 316
945 196
761 182
439 423
258 188
817 333
863 809
581 295
441 18
469 461
745 100
587 250
651 59
342 73
522 36
603 242
200 119
399 49
913 80
919 418
128 68
269 136
172 153
400 7
674 248
412 321
699 463
131 54
771 652
880 398
334 323
469 31
543 427
742 179
190 139
142 118
901 738
393 328
890 125
617 74
637 380
160 120
783 555
858 784
901 77
496 80
591 382
543 447
116 88
625 34
648 130
418 97
927 397
328 249
712 398
723 422
407 135
653 56
285 241
352 286
846 276
875 357
451 236
750 204
173 65
206 131
248 80
115 31
581 543
903 53
925 224
536 181
724 376
805 71
795 598
233 65
990 482
633 214
526 490
347 178
864 209
309 239
979 49
545 37
325 104
604 14
759 556
162 18
195 117
210 106
522 103
210 189
277 11
893 105
301 111
732 714
660 496
546 103
363 43
162 28
954 857
466 10
930 102
931 904
725 253
649 207
997 628
339 43
920 652
818 22
372 53
390 188
744 111
403 289
954 799
686 222
956 551
889 109
901 376
556 39
587 545
838 428
646 166
533 187
622 111
295 206
903 657
886 127
243 236
258 212
527 465
848 806
428 126
781 593
132 114
646 250
392 184
459 354
611 134
544 193
687 180
883 557
484 218
236 101
291 9
420 130
331 82
933 476
250 115
176 134
355 214
862 368
900 532
540 202
824 234
607 258
168 166
225 82
671 223
786 724
118 59
189 36
886 842
288 87
102 28
381 333
628 138
824 117
489 113
660 71
807 101
674 221
876 291
228 38
882 10
612 334
992 601
418 250
158 18
698 451
642 283
137 60
680 57
880 17
182 65
949 302
532 476
981 876
964 686
235 110
987 832
151 97
302 106
141 28
645 394
945 350
952 143
452 295
240 226
315 212
514 480
636 358
266 90
191 175
903 483
511 45
969 100
552 369
986 850
995 744
682 222
326 25
142 40
256 30
373 190
713 581
160 134
609 203
714 354
288 33
631 184
404 307
160 53
499 117
987 618
747 743
835 392
558 502
212 25
813 78
231 225
654 614
630 340
921 681
729 648
506 340
911 339
128 5
719 39
996 289
231 153
468 192
498 363
652 57
782 87
551 303
907 690
780 324
580 302
870 553
168 43
319 17
356 83
369 40
984 882
618 280
201 48
675 117
424 340
786 257
359 58
355 340
768 146
862 449
254 24
662 469
802 735
304 21
459 140
803 782
344 280
222 197
892 143
653 38
452 162
211 58
153 142
581 208
548 249
371 359
774 141
927 191
928 539
512 165
893 550
121 25
919 565
834 84
796 407
449 87
447 354
334 122
247 210
392 43
714 664
118 55
742 348
507 250
978 390
577 272
666 413
636 593
228 195
698 285
742 676
676 27
919 490
625 567
408 379
958 726
761 626
995 977
404 46
118 66
936 898
553 344
184 99
606 457
331 143
756 428
865 219
267 112
873 583
454 232
515 424
254 85
426 314
277 137
950 386
345 184
854 22
976 843
278 55
257 33
923 271
229 202
268 101
633 611
937 232
408 394
934 700
833 679
965 790
419 417
396 119
869 429
209 145
982 123
267 61
299 172
584 272
199 55
245 206
733 580
464 399
265 72
845 71
634 153
161 87
700 412
592 522
769 607
932 257
428 203
174 99
562 106
562 150
402 279
746 419
698 266
689 535
979 665
704 263
113 46
772 70
488 242
935 508
788 79
928 808
450 334
504 20
362 109
790 523
965 405
479 357
976 151
851 46
551 262
124 28
802 415
791 105
449 127
339 17
949 903
113 59
992 218
182 124
154 26
665 337
331 94
829 444
390 261
687 280
803 491
868 636
594 145
672 297
451 128
731 493
114 4
649 252
507 394
975 21
454 180
134 114
910 246
652 182
574 485
575 539
456 315
654 229
397 332
622 375
684 486
678 489
261 70
798 200
418 292
885 690
216 59
283 264
304 108
968 445
893 50
655 92
413 78
347 261
903 55
162 18
265 142
797 429
925 28
212 179
970 73
705 195
800 677
139 108
319 11
377 95
165 86
506 75
104 81
428 211
631 23
285 66
366 347
921 376
861 714
406 340
850 665
364 82
348 281
463 25
209 184
776 675
949 924
517 234
527 432
360 150
983 549
105 1
150 121
634 70
862 137
275 252
896 317
323 107
906 123
996 965
390 201
287 262
378 283
137 127
856 152
364 161
711 697
916 230
362 130
810 145
797 285
573 322
911 636
840 324
153 101
743 544
147 102
857 78
829 73
186 72
424 169
931 182
110 55
457 189
844 156
119 77
202 103
574 312
497 20
353 312
267 265
457 161
950 723
781 497
486 438
200 14
148 24
979 386
734 32
969 458
283 14
333 160
248 106
539 413
860 725
370 316
252 62
237 50
562 486
882 59
606 36
956 128
941 272
829 672
458 34
559 224
715 430
154 102
544 199
147 111
106 104
996 548
685 483
217 211
574 150
749 611
907 542
864 501
150 140
318 10
806 746
272 10
144 128
407 115
116 60
950 566
733 83
146 80
838 365
357 105
571 271
947 126
302 42
700 77
841 292
146 132
729 580
780 527
744 634
103 77
728 23
916 802
552 223
926 609
695 671
291 283
329 246
310 282
340 210
870 181
152 56
127 81
120 60
850 520
108 54
708 468
863 759
560 316
598 42
308 30
508 255
469 138
340 150
621 441
311 118
940 643
680 367
998 200
834 804
537 261
253 30
668 135
469 192
121 6
855 441
428 405
930 352
261 112
236 201
900 619
758 648
286 239
650 208
541 42
904 326
474 123
125 73
129 23
917 848
121 81
210 183
754 18
132 111
819 344
679 255
602 303
726 176
856 34
935 41
859 740
446 382
198 17
139 127
668 519
621 47
777 33
135 77
806 363
642 350
474 457
388 166
983 950
509 141
260 142
159 104
521 277
730 45
897 548
559 232
313 221
469 430
961 341
197 75
731 218
634 121
703 574
581 336
348 125
232 145
675 493
678 490
400 283
852 245
247 129
988 253
125 6
391 89
105 17
561 409
793 660
896 618
879 541
690 608
790 522
791 313
646 285
548 73
444 206
967 127
817 645
513 490
466 28
602 46
448 5
179 99
978 457
871 483
374 189
591 430
289 29
194 27
592 291
794 32
902 211
557 278
579 85
945 930
150 50
559 442
336 249
196 72
724 74
781 330
818 392
478 74
983 261
666 248
744 65
836 424
916 907
641 112
957 302
992 163
225 23
403 169
923 87
846 427
320 282
696 88
375 134
156 101
792 159
877 650
711 327
993 744
167 165
472 345
142 92
342 66
863 75
677 57
931 765
938 71
173 107
917 819
217 89
380 211
213 174
500 254
986 751
266 155
894 474
508 316
494 339
286 214
214 118
