1000
891 592
763 548
392 339
675 367
967 639
737 714
684 77
229 26
770 151
691 538
429 40
865 722
745 91
736 622
215 175
266 160
371 113
340 216
164 92
390 251
910 140
974 662
184 111
792 94
887 702
147 129
130 34
318 38
809 345
716 478
774 88
514 5
834 446
923 408
216 99
970 265
691 349
407 12
985 116
537 339
528 285
143 82
330 216
487 326
448 176
533 502
223 134
743 19
425 55
248 236
580 202
728 392
425 65
127 81
390 98
293 10
381 204
373 71
759 325
539 349
608 116
312 40
171 144
880 406
916 182
860 114
654 274
355 198
603 84
835 212
738 727
684 56
680 305
433 21
958 264
719 228
865 829
722 187
126 115
228 126
655 400
520 405
239 126
523 191
133 82
546 382
588 395
628 116
851 87
705 250
125 37
348 44
474 234
154 79
988 937
234 155
415 335
413 373
686 160
450 429
255 198
483 103
724 124
159 94
133 68
312 175
723 508
584 473
849 63
662 462
528 291
379 95
446 80
720 473
646 477
539 260
699 582
419 21
475 262
583 309
152 35
660 601
390 102
927 45
586 159
411 34
633 359
948 109
861 294
631 125
770 258
881 553
614 455
258 162
329 110
527 118
443 214
333 108
343 207
200 35
147 25
719 72
865 130
506 447
571 337
393 356
290 171
522 207
362 351
183 96
451 297
368 12
103 80
203 1
684 440
127 33
898 258
932 736
620 587
692 530
233 55
669 551
541 317
124 91
164 6
145 40
477 339
507 246
305 205
926 126
185 81
818 45
122 92
113 72
621 37
567 527
464 224
751 218
338 300
212 135
659 67
813 362
136 133
322 316
397 56
879 85
527 176
777 564
483 240
284 215
338 336
271 132
296 48
842 60
633 204
580 87
346 16
632 123
671 222
404 197
626 364
814 209
254 215
657 563
866 479
343 197
119 70
917 796
357 239
432 57
819 316
204 28
761 347
270 74
205 116
109 81
612 87
758 428
487 90
117 83
255 148
502 4
376 279
225 135
784 498
784 461
361 306
565 450
896 472
297 236
581 507
279 38
969 755
147 95
207 131
516 351
186 90
788 547
767 454
812 507
214 121
772 382
112 10
295 208
264 162
409 249
519 490
143 10
577 254
392 176
984 118
673 258
931 606
635 52
366 217
618 185
459 344
104 93
720 671
878 468
918 236
931 19
578 67
883 37
415 359
168 62
683 448
162 11
366 18
410 223
368 353
186 9
861 16
139 66
764 179
434 45
519 123
609 573
537 449
823 179
527 434
127 79
860 501
850 152
756 51
479 194
949 466
909 398
759 618
522 210
731 172
599 574
717 126
327 11
754 475
708 551
986 974
169 129
439 73
303 100
838 645
155 143
832 686
267 206
499 242
550 548
568 338
865 843
574 444
724 218
934 2
672 303
223 198
542 372
623 33
283 23
460 110
238 13
510 251
874 808
342 189
540 201
181 128
711 381
137 26
122 114
873 572
644 530
315 83
500 167
332 197
253 200
510 482
943 74
195 64
291 104
971 835
402 299
936 568
389 356
943 384
259 103
989 763
594 109
485 119
781 304
867 612
435 282
442 316
202 107
647 624
677 402
900 630
104 44
995 956
746 151
616 587
741 457
859 527
467 98
257 224
259 92
447 257
800 105
433 115
853 124
116 75
390 246
240 186
121 49
680 483
939 315
131 44
315 23
657 150
832 792
707 298
808 631
353 226
380 250
665 59
802 547
720 227
588 10
238 217
476 33
370 65
947 494
191 181
456 304
448 348
450 441
302 120
337 48
454 406
943 511
289 96
129 118
852 142
205 164
316 138
863 431
160 114
301 49
841 638
997 271
814 481
670 336
558 115
145 57
344 305
570 158
547 28
283 260
219 45
806 184
987 143
715 74
976 683
140 3
632 602
759 608
388 270
345 149
791 92
867 2
333 242
435 271
695 687
684 495
265 22
466 246
422 406
970 453
621 34
914 813
785 729
909 501
261 240
967 536
755 584
912 208
967 41
996 319
378 213
764 736
847 110
708 641
726 409
505 216
848 11
323 294
196 22
267 188
185 31
293 162
343 68
196 185
242 100
475 252
783 610
901 295
531 179
414 383
838 549
168 108
141 103
992 79
777 497
889 10
845 669
775 228
430 233
135 123
729 135
742 448
655 321
638 71
183 18
765 601
451 20
605 573
231 175
549 120
343 52
995 663
863 282
740 179
270 198
844 722
386 302
414 267
358 64
865 507
791 776
235 68
979 972
602 386
299 20
447 165
265 3
648 45
386 226
519 208
657 74
929 194
288 233
427 363
962 649
633 607
628 617
707 128
266 47
366 217
581 566
134 74
905 2
804 647
274 156
846 42
382 36
934 52
600 285
155 50
806 732
262 212
502 379
499 373
857 368
708 230
520 255
558 531
264 205
529 241
548 295
398 81
415 291
976 936
275 260
633 388
856 401
344 79
851 552
878 159
448 383
430 258
464 98
991 358
385 297
852 350
983 535
675 253
730 685
179 3
459 190
757 254
293 255
496 184
634 76
538 156
810 651
220 93
377 259
662 395
288 216
128 41
150 38
649 535
465 320
833 470
207 69
629 229
783 208
792 595
489 350
515 460
241 74
109 76
489 191
835 117
802 603
743 159
419 22
345 335
838 515
831 34
274 122
973 775
341 100
433 20
165 144
145 73
723 84
173 50
280 219
634 484
134 109
268 73
830 34
787 161
138 23
750 466
598 457
798 736
212 117
302 135
365 361
724 209
142 87
944 747
312 249
886 202
706 46
793 63
558 439
238 150
474 171
375 97
139 12
574 173
149 3
749 541
839 799
638 91
869 96
659 625
799 330
288 267
654 214
765 194
917 24
629 496
115 9
843 233
760 49
190 50
604 592
869 381
538 232
817 305
488 73
219 30
859 721
199 180
185 22
842 103
860 455
935 51
688 583
805 349
588 45
262 112
126 4
508 400
130 3
383 144
140 78
289 7
603 563
401 60
952 865
623 615
228 35
489 354
108 17
856 472
363 258
130 34
417 335
189 165
639 632
684 240
458 335
665 632
996 270
798 731
468 413
599 232
533 128
323 233
906 708
140 62
963 296
707 294
816 540
803 630
373 319
403 24
902 564
703 519
826 740
313 79
134 122
535 290
607 390
978 206
243 129
958 637
542 411
402 218
693 122
461 235
987 114
819 675
988 701
315 259
182 163
164 65
194 120
526 156
871 452
947 405
807 162
558 290
834 627
730 207
314 99
698 79
638 290
298 106
252 149
717 420
100 36
149 88
418 20
784 540
266 147
929 405
163 31
523 489
967 251
426 136
311 266
120 8
898 499
322 273
338 106
632 272
848 182
122 80
459 191
499 99
707 495
339 225
608 401
458 240
412 316
887 535
804 519
727 442
380 56
944 835
753 606
960 834
323 251
424 43
587 449
553 13
437 256
589 260
735 331
305 130
771 661
164 107
935 254
992 852
339 156
951 943
310 303
163 56
712 667
776 76
881 33
645 67
849 72
802 58
707 250
654 279
216 39
335 294
652 529
991 324
934 165
819 168
135 68
166 21
144 134
218 93
540 400
901 328
877 114
588 246
814 599
647 293
908 174
104 13
555 142
219 34
143 105
833 584
208 6
667 163
963 394
129 3
389 18
416 379
487 105
161 23
939 691
686 234
349 61
658 408
101 70
396 227
401 365
789 138
574 420
705 201
268 166
247 151
473 156
789 397
428 407
608 361
230 162
993 372
354 265
319 128
837 750
770 360
797 274
216 76
811 455
325 162
803 100
914 155
740 145
644 153
944 522
837 806
966 120
826 124
143 77
250 12
283 215
458 320
313 255
530 467
719 39
538 18
297 96
855 840
475 271
302 254
957 439
507 132
472 53
443 8
810 344
128 123
945 484
120 97
114 97
342 171
944 311
455 403
420 135
349 268
398 47
901 509
673 322
668 590
687 331
270 129
588 527
693 158
954 73
916 40
906 795
746 19
179 138
758 613
897 648
400 110
975 234
352 300
498 18
456 390
443 441
694 448
887 14
682 671
158 90
532 408
174 56
546 282
359 41
717 3
799 159
152 31
667 503
843 3
223 67
936 248
591 387
943 704
859 101
399 267
553 382
755 485
415 140
861 556
292 257
179 134
451 7
944 184
800 100
363 150
502 330
414 373
334 36
197 141
886 287
254 84
151 109
399 227
228 147
218 83
663 294
268 111
234 197
800 447
690 629
809 539
706 122
265 125
747 150
948 179
746 433
136 52
508 81
834 827
845 4
878 249
491 26
434 318
300 267
961 109
543 499
275 159
308 280
817 581
309 10
785 277
113 52
364 234
836 134
613 310
778 619
155 115
615 418
196 98
665 350
846 551
173 146
212 197
361 118
618 582
359 161
575 79
748 341
108 46
189 37
848 351
578 145
472 147
895 431
743 683
686 266
769 485
232 4
555 508
112 62
952 438
414 85
453 432
238 116
697 202
579 29
615 551
594 590
886 850
723 478
812 357
805 507
230 225
366 25
108 54
964 613
174 47
