1000
403 23
625 377
929 606
910 154
592 362
745 119
817 171
432 369
647 34
110 26
602 43
412 318
105 10
508 468
245 70
139 64
927 694
121 35
390 252
360 189
918 559
327 282
711 289
625 326
753 136
427 412
409 234
778 114
637 405
440 6
750 357
357 73
991 24
214 28
315 282
677 103
133 121
982 659
688 44
798 114
960 343
704 574
728 300
786 683
307 271
529 148
499 95
167 3
808 409
410 60
292 5
949 860
730 384
730 360
414 132
768 288
411 118
763 545
681 409
481 217
774 248
908 396
193 47
238 126
627 74
249 28
516 485
155 52
226 65
498 215
979 543
452 144
892 19
732 491
872 773
536 39
533 409
442 104
864 412
184 20
779 732
948 323
195 182
904 394
357 105
990 589
115 112
968 462
884 278
485 99
780 116
400 171
900 598
763 159
725 272
947 735
146 67
108 81
868 200
365 143
780 75
476 241
140 110
235 179
929 812
314 96
381 126
559 490
944 646
805 489
540 165
260 5
287 280
670 565
663 375
947 104
161 26
579 381
381 217
324 180
808 159
741 694
445 215
596 262
197 23
458 343
934 320
964 609
799 644
107 103
367 47
148 30
101 41
185 151
765 250
619 375
416 16
307 224
240 143
306 179
161 129
285 117
150 46
192 167
492 387
847 88
884 27
907 273
499 294
270 91
570 89
192 79
780 106
891 457
345 230
118 93
411 253
365 5
261 121
858 818
954 887
896 16
537 523
244 193
773 15
823 592
954 922
254 70
468 403
369 234
935 565
861 245
194 83
651 407
946 162
335 34
924 880
665 44
367 190
548 228
631 217
668 14
111 45
811 439
848 833
813 340
701 133
143 24
971 187
808 684
748 253
309 264
908 285
441 300
830 265
434 392
997 294
859 487
103 68
806 773
349 107
936 623
370 96
551 468
473 39
674 188
127 84
368 363
882 649
176 87
633 75
784 712
610 236
444 66
588 175
268 228
134 49
323 145
470 62
311 220
606 437
756 63
922 332
338 49
221 128
254 3
475 146
279 9
179 164
684 644
487 416
341 225
654 228
846 574
520 425
407 64
317 283
469 291
947 769
969 961
463 210
642 16
524 500
176 12
992 241
843 66
105 3
606 564
339 290
607 69
955 431
829 327
573 496
854 78
940 446
513 459
624 442
766 723
407 231
738 197
427 159
803 145
660 18
920 769
138 71
367 343
852 701
699 454
578 193
546 296
659 595
402 130
910 738
744 600
790 204
986 450
875 547
130 61
125 117
634 514
645 45
392 171
846 589
550 270
557 46
783 625
747 658
769 449
900 760
696 397
729 102
649 149
891 491
808 757
845 319
305 147
314 122
633 386
531 364
501 258
946 887
293 12
406 225
298 220
586 435
865 110
197 158
952 93
895 68
619 342
991 290
172 79
952 445
714 512
431 178
735 202
896 617
639 414
931 20
265 190
869 208
385 310
168 74
938 890
667 28
243 151
258 96
185 114
717 648
586 84
303 254
712 235
605 552
905 449
662 438
833 471
108 53
746 203
509 53
592 212
335 314
210 96
921 491
150 28
347 20
266 24
520 28
149 122
861 555
332 59
470 159
268 235
705 566
559 6
737 438
848 559
726 482
208 54
230 151
731 576
563 507
959 428
518 203
855 60
769 725
220 56
948 551
966 357
853 549
995 233
504 424
201 180
525 204
884 324
983 860
510 131
870 718
717 163
243 87
583 540
501 183
773 709
959 577
329 24
632 590
731 690
656 36
769 728
236 182
768 737
300 293
597 126
705 681
947 935
896 862
132 73
297 52
210 116
359 60
613 596
265 99
838 413
819 380
634 612
845 732
980 112
212 182
974 62
650 145
162 68
752 728
772 447
267 249
308 4
383 378
969 475
683 621
469 83
619 11
398 107
558 543
476 345
865 4
481 419
181 164
990 218
610 411
805 600
560 283
324 244
245 87
678 103
786 525
943 168
539 191
655 434
218 111
871 542
186 171
895 366
195 88
796 81
890 32
652 618
421 12
887 781
970 38
696 682
475 268
141 55
374 278
907 508
595 74
585 148
751 282
146 42
256 81
565 118
806 504
856 52
646 98
349 160
650 378
859 410
896 732
625 275
885 418
798 217
132 31
517 421
556 209
567 410
956 563
554 269
103 4
170 9
159 88
181 71
534 59
951 633
221 49
343 335
391 209
346 274
519 435
414 193
949 805
229 104
878 768
534 503
368 341
314 83
622 162
198 185
242 230
248 48
684 88
308 245
761 503
942 604
989 262
876 473
333 90
938 522
293 153
909 795
837 400
365 4
573 317
128 124
386 274
127 117
784 701
585 344
678 32
946 440
946 11
559 200
767 77
895 492
864 694
201 168
608 20
332 178
778 270
124 2
594 506
132 92
975 781
374 92
168 107
773 52
998 822
595 309
580 520
603 210
483 337
715 91
618 222
349 174
102 43
529 19
945 758
398 20
715 665
239 3
755 316
218 16
452 394
234 181
419 7
777 435
672 73
572 484
725 112
660 47
325 234
459 395
726 39
193 133
866 587
708 584
683 551
670 456
699 9
956 65
262 64
114 42
523 178
616 596
966 266
128 62
624 14
669 335
477 273
810 694
949 550
486 220
578 50
317 279
393 275
105 41
942 226
795 390
578 55
768 655
609 580
830 373
232 39
628 502
604 434
866 37
498 368
281 12
355 87
998 640
865 98
703 413
507 469
615 98
880 501
842 339
575 214
275 88
733 688
480 373
496 378
560 173
241 124
855 712
915 120
589 272
879 303
697 205
176 115
979 369
570 153
994 471
388 203
746 319
393 135
713 562
588 198
652 207
751 306
384 208
568 287
929 269
575 156
910 561
705 458
209 170
186 57
592 455
900 82
943 142
103 30
962 575
528 464
529 283
568 91
399 187
653 161
268 81
978 297
599 497
405 157
766 681
569 222
911 788
125 38
699 89
500 193
453 150
856 613
448 337
798 291
300 171
472 440
342 285
236 129
944 87
988 680
869 834
862 96
676 44
498 88
169 43
261 142
313 63
446 292
834 110
681 314
547 157
956 322
304 193
848 572
211 201
610 521
493 143
536 453
549 152
259 59
943 407
614 608
276 235
390 247
439 186
635 473
646 400
676 530
125 37
620 474
900 520
317 36
763 536
142 70
980 806
654 164
557 105
828 770
430 184
912 551
127 69
374 285
128 14
393 335
802 332
628 610
846 795
315 140
120 113
801 558
833 707
691 122
548 316
816 63
329 48
641 161
844 133
479 46
495 390
438 67
488 404
837 527
503 117
908 22
608 546
840 461
350 223
503 84
428 43
689 637
242 35
851 284
583 418
845 216
807 62
638 183
616 222
824 676
641 466
921 843
739 295
384 292
988 634
904 313
547 347
615 131
957 924
883 821
442 268
120 7
795 131
303 151
626 81
463 413
713 2
640 23
132 1
245 91
565 174
139 14
374 125
736 713
980 48
849 412
490 421
276 241
859 435
979 908
822 646
508 366
900 545
684 232
529 347
765 404
590 495
872 368
421 23
237 119
419 77
276 35
184 122
998 781
678 622
103 25
309 184
391 352
285 258
252 135
857 687
390 201
946 130
740 442
306 132
454 64
793 693
963 858
299 124
427 279
374 92
250 84
134 63
267 244
844 195
982 727
566 189
906 221
693 597
534 256
901 683
827 597
680 39
172 156
616 417
316 246
263 35
355 233
697 348
588 372
792 645
155 37
568 459
174 119
853 785
381 197
341 129
644 554
585 186
145 45
328 63
500 164
424 91
727 592
633 452
755 738
220 54
762 95
938 894
379 53
427 112
513 16
774 154
999 531
204 108
796 408
420 71
170 167
138 83
803 785
300 221
569 409
774 475
341 313
925 129
314 132
768 21
861 366
198 160
876 279
921 854
857 339
251 74
254 216
705 452
267 45
577 118
323 110
144 76
933 546
554 244
966 930
160 57
708 682
720 54
256 244
512 496
487 473
744 236
383 283
461 35
161 140
850 836
513 131
418 31
239 93
688 424
212 182
175 74
507 160
970 124
989 495
976 65
522 42
613 525
439 210
661 196
365 113
554 165
326 53
581 425
354 23
370 287
189 51
632 598
714 590
385 181
237 158
496 439
893 57
461 108
505 39
604 23
858 376
546 358
409 18
798 245
787 197
424 155
852 646
428 372
288 271
598 125
441 82
307 88
794 56
718 506
341 330
533 474
777 169
609 58
821 414
869 346
311 71
754 14
536 294
426 422
245 29
893 360
969 592
958 126
959 927
677 615
571 446
791 401
317 276
725 597
788 640
507 151
914 44
422 115
100 57
239 88
406 16
331 293
724 428
808 487
431 351
461 366
787 709
779 723
896 206
190 35
929 143
836 306
781 704
920 855
807 209
673 380
914 79
992 948
358 237
557 288
633 381
137 60
974 158
580 357
637 270
140 75
636 292
238 118
128 80
645 582
489 304
115 13
258 226
158 50
984 634
446 289
935 779
866 77
433 50
947 54
693 96
557 311
375 131
523 492
957 185
820 355
