1000
295 16
434 297
574 335
268 253
489 210
907 335
655 253
536 98
678 137
995 287
713 179
652 599
702 225
888 808
199 163
422 278
827 243
295 131
715 711
390 166
910 283
328 17
333 83
141 14
760 449
533 315
345 123
449 374
259 135
472 235
601 514
339 53
758 293
322 154
994 640
549 482
798 686
108 96
986 591
445 269
644 116
505 394
555 287
341 9
894 55
598 412
933 828
904 811
602 493
189 114
291 98
650 16
185 64
584 356
849 841
407 251
246 46
764 444
574 294
111 93
295 105
990 786
767 579
612 563
967 409
466 393
947 188
647 236
554 360
615 560
856 315
134 120
390 7
892 484
121 112
698 534
202 48
431 370
786 627
634 178
862 273
520 290
769 299
416 211
782 450
326 1
973 255
957 752
173 165
729 388
929 14
439 434
332 7
628 330
192 132
192 145
796 645
449 221
930 785
543 259
856 277
729 445
687 109
867 511
487 397
160 95
528 402
790 160
219 1
741 235
264 94
481 181
398 289
687 360
224 9
564 418
196 128
195 54
136 44
489 126
152 65
180 141
560 29
586 110
776 57
902 721
878 352
977 826
321 262
486 302
445 407
607 533
745 332
434 8
840 649
681 116
925 58
100 4
147 77
382 150
808 701
524 126
425 332
918 268
205 5
416 80
486 151
652 354
762 451
312 4
455 255
589 498
674 428
294 116
559 199
407 146
654 312
722 280
999 553
311 293
314 223
631 170
313 77
753 202
247 184
473 60
729 143
939 613
387 279
426 336
643 339
330 304
632 293
115 60
476 284
668 595
902 298
287 213
766 711
353 298
636 245
613 222
140 132
123 49
776 77
698 316
663 395
534 259
234 179
782 513
542 246
438 288
877 53
827 91
668 493
665 602
799 763
490 280
231 216
632 121
390 351
551 242
723 124
104 80
550 118
381 322
656 556
227 136
726 527
620 394
201 95
900 587
998 94
130 103
804 438
897 768
843 19
228 93
240 187
180 151
661 512
887 208
796 174
744 357
727 427
214 11
777 329
313 180
327 171
499 158
898 607
278 177
425 80
444 126
766 347
287 274
608 219
374 232
553 549
901 54
655 27
646 624
984 741
240 125
230 108
442 235
342 67
745 353
622 140
833 572
340 130
586 216
115 94
210 129
357 258
186 118
578 434
177 96
253 245
913 167
138 5
825 14
393 253
617 225
140 46
915 188
570 84
852 28
967 646
714 569
484 292
223 144
447 95
753 313
338 269
724 284
353 126
221 129
138 101
788 411
990 477
943 137
607 546
322 79
133 107
712 38
454 155
372 137
276 238
632 630
269 63
195 109
522 186
896 787
264 20
657 148
116 9
746 28
920 179
604 240
187 2
328 170
206 58
497 205
976 433
736 436
977 557
703 696
318 249
491 308
181 84
607 36
910 832
932 796
653 38
625 82
987 250
713 659
501 405
459 263
237 86
739 566
903 177
542 136
896 201
691 326
720 49
596 207
672 427
369 345
647 317
161 55
407 275
818 315
401 29
155 128
232 17
205 72
624 419
602 516
977 713
296 228
356 339
125 116
543 273
217 27
943 594
762 253
172 130
908 390
831 490
524 217
351 142
602 326
173 57
249 219
219 31
237 109
213 201
889 474
782 660
462 424
799 90
794 744
432 192
711 310
477 202
781 517
180 137
181 71
880 136
219 120
714 386
209 31
585 315
680 364
898 201
684 34
427 103
963 81
640 163
870 442
294 22
889 529
936 263
784 658
740 414
939 270
460 427
375 355
137 17
116 95
684 489
783 662
515 33
705 448
475 433
203 197
810 586
547 422
511 325
258 213
988 833
434 255
667 288
563 345
204 167
802 132
216 115
634 437
825 739
313 181
490 118
345 232
761 512
773 97
601 88
436 203
240 94
287 61
703 495
452 171
492 208
796 569
217 194
536 158
578 556
277 246
961 235
541 323
885 749
679 457
325 152
289 41
960 727
260 241
976 24
196 138
283 187
899 773
604 111
890 710
783 118
295 239
596 538
587 495
830 731
105 37
866 660
789 350
983 863
170 16
365 30
923 800
166 139
907 107
754 375
304 43
948 521
642 198
446 299
917 702
308 13
859 126
466 261
931 893
541 94
433 79
173 156
688 605
943 162
213 187
111 106
196 59
595 249
296 100
394 370
793 110
599 516
987 838
528 7
516 421
116 40
946 242
103 54
236 117
519 88
920 74
930 388
191 137
250 8
509 147
987 381
426 173
895 674
123 28
655 450
979 680
823 374
163 23
910 563
340 158
961 220
317 163
216 114
916 512
515 31
265 182
322 278
975 915
560 30
269 187
676 41
496 215
568 82
160 70
818 335
304 146
821 211
442 149
141 63
904 880
655 312
522 243
779 495
980 734
335 119
309 151
480 22
219 60
314 203
370 175
112 26
995 903
448 239
183 74
422 352
893 229
475 439
855 660
101 69
560 542
834 330
771 377
194 40
937 12
706 244
583 376
971 319
930 441
892 26
335 278
655 30
197 30
668 524
855 843
705 210
461 194
519 139
919 512
846 154
720 106
199 53
500 260
736 720
515 475
958 601
343 182
695 377
604 190
799 419
774 488
219 31
420 349
530 513
374 201
397 372
401 160
649 599
296 92
158 86
535 422
414 219
465 352
387 282
799 622
150 82
144 121
533 29
833 68
405 285
218 100
708 590
191 60
994 155
247 120
872 551
517 136
638 19
433 3
117 50
289 91
277 244
186 29
101 79
816 782
926 411
657 353
296 76
980 411
649 587
188 77
744 222
286 51
497 432
191 102
938 922
218 96
929 185
893 314
268 3
617 382
731 162
253 209
102 29
238 76
213 160
673 558
617 336
579 56
786 304
597 427
410 124
841 394
670 287
679 468
326 289
597 365
879 750
553 135
192 52
903 262
400 205
539 370
107 49
664 546
155 109
559 164
502 161
441 436
615 420
174 45
840 237
426 13
238 89
680 184
226 51
428 411
959 323
972 22
634 545
894 535
863 861
528 396
562 170
767 207
228 165
821 163
804 80
247 10
233 147
190 86
223 3
443 400
262 226
930 260
713 180
121 54
211 148
671 150
866 477
311 248
840 577
213 59
727 350
189 91
783 266
141 120
939 839
434 90
244 129
464 15
958 98
913 326
304 75
403 303
492 313
590 249
513 157
284 104
834 14
943 802
737 368
976 2
111 21
574 490
161 31
882 478
721 73
807 295
436 99
720 652
919 765
610 91
926 829
146 111
572 456
506 29
986 616
783 456
715 301
223 95
703 533
494 311
570 345
336 50
149 120
897 504
984 368
264 93
278 258
807 227
423 190
671 500
789 637
492 266
428 33
919 716
803 487
381 166
644 116
237 136
207 54
701 165
329 233
492 430
567 276
346 108
571 569
120 2
331 261
386 282
560 407
883 416
773 427
359 348
206 112
993 762
466 454
555 286
856 170
650 443
827 666
344 340
383 207
122 72
152 9
296 98
948 386
304 82
448 397
224 46
389 319
198 158
696 689
815 151
701 537
909 306
357 136
811 77
186 3
914 472
596 355
924 517
857 840
673 545
733 637
172 126
315 61
888 456
626 186
188 98
197 101
238 14
187 90
140 124
569 562
303 294
494 80
807 601
799 400
336 215
466 322
887 299
653 463
596 104
651 209
945 68
614 511
887 492
796 427
194 36
358 112
979 857
647 135
379 376
369 224
353 67
225 124
210 98
892 177
657 198
365 114
557 31
604 284
782 654
987 697
184 80
934 46
408 74
388 348
893 208
799 444
691 132
237 120
776 745
360 165
560 284
989 916
707 582
184 129
133 94
478 244
328 5
458 124
705 406
720 603
734 230
315 284
210 73
775 503
286 214
219 143
191 33
262 104
653 514
259 215
912 298
975 891
199 107
158 85
439 348
859 344
954 814
833 552
477 222
944 892
286 17
289 270
709 371
267 112
693 354
476 218
710 182
637 86
725 323
414 370
973 826
175 55
588 475
874 858
299 58
239 73
727 626
425 244
619 303
778 50
307 122
688 391
344 167
391 4
912 471
356 114
207 32
676 203
439 99
115 99
558 396
298 35
494 283
128 60
376 8
847 143
971 725
395 362
220 203
518 456
528 91
430 413
505 325
286 174
461 458
252 233
501 489
645 128
966 718
406 218
234 123
783 393
997 882
305 198
128 96
825 140
571 222
264 251
553 127
180 107
330 251
978 969
905 285
721 551
440 294
581 176
181 134
815 583
223 75
592 318
555 291
968 132
268 144
512 321
517 347
784 107
694 642
128 18
596 346
846 792
185 7
277 89
878 397
138 106
349 278
845 430
961 564
173 18
587 308
930 520
328 13
937 923
191 105
310 211
193 120
822 360
502 472
341 188
133 86
113 82
187 138
790 115
537 247
572 427
531 122
747 472
373 287
488 203
891 359
363 220
472 371
210 70
650 95
994 694
770 239
613 268
472 331
257 91
567 537
240 31
461 449
265 103
716 623
187 57
685 663
939 28
266 156
660 166
726 665
903 714
431 359
116 111
516 221
