1000
340 310
606 210
122 85
775 765
194 33
555 443
334 182
414 366
243 187
465 330
739 197
540 270
441 70
220 93
486 368
930 268
217 96
531 383
180 137
770 687
921 16
120 40
854 234
983 424
140 19
827 224
230 219
222 94
527 511
618 14
105 64
824 678
673 171
127 7
437 200
110 2
318 74
957 855
420 50
142 21
863 137
894 235
684 196
274 111
153 121
710 331
478 317
427 297
775 352
474 32
777 522
273 227
413 347
104 55
396 303
538 244
934 445
765 621
572 350
746 646
923 298
828 703
944 668
348 80
703 92
468 449
455 216
217 168
121 41
709 471
460 166
547 351
238 176
364 249
639 436
609 333
350 117
827 687
775 266
289 239
387 3
529 72
674 389
666 427
425 379
679 337
758 206
237 75
224 164
423 405
981 664
502 426
396 117
584 523
562 39
950 7
464 329
347 115
315 149
650 378
238 19
926 797
975 389
611 166
229 189
321 99
902 508
606 63
207 68
361 117
160 126
883 769
907 137
928 463
275 133
458 404
760 194
739 5
667 150
522 235
994 399
685 123
246 96
622 413
872 629
495 337
935 902
563 269
433 275
494 146
663 241
585 286
929 433
217 87
574 173
122 27
640 575
744 585
152 144
624 468
804 575
878 190
538 428
888 231
966 963
234 190
198 83
798 394
386 345
572 232
565 4
713 642
635 511
178 18
779 709
387 287
508 484
509 213
391 44
367 128
289 22
492 345
663 526
584 357
732 259
472 326
428 7
373 369
871 464
935 441
348 248
648 103
299 184
625 353
594 369
818 781
443 248
221 13
984 731
396 246
363 93
673 499
983 316
729 532
789 742
809 294
207 159
993 402
104 87
382 339
274 140
482 297
214 131
970 557
933 723
242 119
213 76
627 476
308 282
363 202
752 613
397 245
958 137
101 10
569 169
804 266
718 308
954 26
894 724
638 549
753 571
182 68
758 526
425 182
517 446
434 67
337 263
197 127
814 644
724 384
727 653
691 455
313 294
660 2
884 71
178 160
650 192
373 264
834 412
723 496
701 190
487 340
849 83
154 55
159 26
509 395
678 153
181 47
833 27
701 223
325 262
810 807
641 317
308 226
181 44
201 44
986 53
764 363
439 78
187 86
823 38
997 553
957 614
859 457
821 84
941 283
261 132
640 137
433 308
721 629
113 8
504 179
786 8
388 172
704 281
703 102
269 141
739 672
437 267
532 230
610 35
928 426
182 14
670 637
712 384
154 76
114 1
239 93
412 263
464 216
344 132
660 487
362 273
649 242
441 83
302 33
708 613
456 254
931 720
791 582
134 111
320 316
129 114
909 354
837 268
382 2
379 342
873 670
372 147
450 28
963 573
375 330
384 184
485 32
892 156
101 66
637 389
544 522
535 3
690 293
351 5
495 247
896 195
203 185
280 69
808 525
130 96
993 864
831 286
465 92
745 475
702 193
435 231
292 47
782 513
391 232
982 947
882 631
144 49
259 128
436 378
989 338
508 132
939 836
841 439
170 131
240 221
996 153
157 147
759 729
342 184
649 13
308 268
592 490
498 163
890 347
968 411
779 431
153 84
118 108
182 41
947 397
453 100
448 9
242 142
170 37
176 131
853 601
337 111
503 50
566 134
215 23
485 330
383 68
725 367
879 732
141 38
131 78
507 285
445 156
633 61
739 269
141 21
627 161
673 56
167 106
824 423
222 212
388 208
441 67
831 171
309 283
267 148
330 39
483 40
384 184
600 87
489 309
634 582
854 50
806 581
330 78
407 114
178 10
534 210
830 808
408 16
565 306
596 53
690 204
185 2
594 265
362 145
977 348
515 73
183 58
176 43
418 401
842 505
290 56
178 46
805 708
790 772
676 517
543 527
623 370
113 55
656 415
148 14
575 286
244 133
431 376
301 159
646 427
449 331
853 825
417 394
725 405
236 24
737 240
387 80
265 52
320 4
108 49
804 616
829 556
981 199
229 49
977 91
769 679
912 684
267 82
922 21
660 431
389 386
223 140
185 135
225 203
269 127
899 419
479 209
593 276
758 713
437 99
325 308
772 119
907 465
615 585
733 410
487 21
359 155
137 51
826 625
871 540
439 2
706 141
280 18
614 325
526 74
393 367
200 70
826 802
778 72
276 226
882 201
879 837
722 554
443 330
477 1
169 127
511 323
260 249
833 337
362 16
196 40
854 15
767 693
594 140
811 504
367 31
631 494
453 195
749 397
172 132
798 595
184 177
562 398
880 41
854 328
513 295
208 36
646 313
872 780
304 214
848 244
309 295
131 101
227 82
887 307
489 65
240 91
887 684
719 262
528 202
648 573
223 98
111 88
124 114
180 123
781 31
190 151
317 292
669 470
388 121
191 68
571 200
366 54
158 101
619 244
591 302
519 146
363 198
629 239
224 141
776 142
352 192
390 193
342 66
760 647
651 493
469 276
215 12
745 699
504 46
687 274
782 86
255 76
641 578
950 866
633 322
285 117
244 190
961 652
207 118
923 216
982 94
687 80
761 29
211 182
631 54
641 125
720 111
710 36
577 114
731 458
390 348
560 516
760 349
976 149
823 220
957 885
477 134
805 393
501 256
859 677
479 268
769 491
695 223
147 59
959 764
380 166
106 17
561 65
638 135
561 286
862 328
744 219
876 139
632 159
264 151
141 112
583 213
417 293
371 139
553 127
782 642
775 576
986 147
643 576
844 366
103 18
790 221
989 347
669 352
830 498
725 214
849 245
303 93
621 327
129 113
489 291
525 369
758 1
263 178
743 108
847 376
483 65
658 556
550 474
449 250
723 145
154 151
717 498
202 31
868 389
988 860
763 366
632 163
923 849
175 35
860 3
948 618
319 254
866 11
251 205
437 381
338 301
377 130
853 736
649 486
215 29
811 541
313 28
408 227
112 70
566 53
169 26
287 170
778 339
226 2
446 246
489 207
711 554
255 121
160 38
239 190
201 14
506 263
665 549
195 44
903 128
413 131
938 846
447 231
765 241
683 59
926 241
586 471
723 719
455 281
911 101
435 289
594 436
672 664
218 57
172 1
780 577
655 250
839 782
699 368
665 353
343 250
225 90
427 268
567 128
657 598
758 429
375 220
322 138
209 103
530 428
295 118
705 330
171 61
573 12
205 106
137 67
749 402
970 220
627 507
897 168
653 339
237 65
587 27
305 14
696 51
157 94
918 142
617 28
208 117
417 200
285 243
753 451
484 19
958 702
182 120
235 36
472 254
662 378
816 699
328 295
945 556
912 608
963 126
142 56
974 612
676 313
865 762
792 317
619 524
286 210
636 145
288 226
709 443
453 228
432 298
816 341
468 274
990 957
844 710
394 264
874 759
526 176
344 147
366 231
573 366
364 125
543 190
633 182
443 351
155 113
360 313
975 948
583 124
861 73
615 304
934 790
374 22
621 52
692 89
908 787
958 637
629 430
992 470
541 509
892 679
553 230
156 94
408 406
782 134
181 102
315 31
298 171
650 133
651 260
699 77
430 346
230 96
178 44
235 209
158 107
476 421
423 9
197 106
136 7
181 103
219 6
149 130
868 713
452 181
630 152
304 173
836 757
628 438
571 451
394 63
992 845
248 193
724 468
464 8
791 384
704 462
695 178
869 549
604 544
270 103
884 359
577 284
456 322
385 53
873 760
398 296
666 498
476 303
314 207
157 2
889 577
927 729
840 270
680 541
297 119
732 693
351 174
623 156
766 608
162 70
539 217
446 8
768 232
164 73
374 265
614 463
536 324
770 245
302 143
212 194
415 74
452 223
164 88
687 547
850 649
921 464
421 263
185 55
622 34
529 191
603 499
934 276
208 7
374 306
441 33
615 137
689 561
648 462
850 691
556 461
453 196
191 90
968 319
161 136
812 151
938 180
132 76
353 226
552 157
649 279
750 117
771 127
351 341
807 95
225 111
931 108
573 366
232 226
241 33
792 386
954 739
112 16
909 287
924 121
127 7
315 108
801 371
609 461
604 51
293 132
440 120
713 187
555 239
161 126
847 838
454 135
565 288
837 371
716 54
737 218
615 173
568 68
826 155
445 282
157 19
257 211
407 65
343 295
507 26
655 350
549 214
286 164
371 181
472 22
811 4
260 102
499 293
884 284
506 350
201 177
596 33
727 245
100 24
127 113
761 495
657 286
359 25
444 257
383 76
141 118
494 420
575 72
576 460
964 574
821 763
140 112
522 420
486 195
328 165
186 116
212 125
519 496
997 186
231 225
564 270
478 325
552 484
442 131
589 323
292 38
403 171
275 22
118 96
933 693
974 693
327 169
108 62
994 243
337 311
196 33
358 110
526 223
465 71
827 153
628 51
412 130
130 5
706 290
530 297
675 79
954 358
134 9
106 29
220 83
613 470
829 688
280 243
775 607
313 42
284 76
755 183
158 123
267 11
813 668
471 36
870 482
888 73
484 6
298 107
337 10
378 254
117 90
978 848
209 115
260 99
980 124
356 293
402 161
927 9
484 331
504 74
435 206
992 808
440 10
