1000
731 99
168 91
407 131
461 83
734 455
983 877
148 31
336 286
758 440
654 558
349 87
989 147
324 138
683 486
164 60
946 151
372 186
585 474
247 142
415 358
169 141
548 410
274 231
869 368
384 184
714 216
783 749
294 260
616 506
967 195
173 29
120 66
233 137
258 55
950 45
368 247
987 313
822 219
122 97
402 338
100 47
208 57
312 258
128 74
496 170
566 70
981 919
781 362
828 164
266 24
337 284
676 597
327 261
667 543
428 409
308 196
473 78
332 72
529 205
563 48
629 360
740 667
982 316
856 408
919 252
509 476
422 293
341 206
472 307
501 98
484 119
669 626
203 154
767 629
236 176
877 177
540 36
600 118
872 593
394 42
902 714
572 401
455 37
476 330
395 213
239 19
215 96
896 839
366 165
818 246
725 311
775 114
150 145
459 290
521 291
423 121
737 315
198 195
602 346
941 849
652 650
347 180
373 153
974 72
213 91
245 16
868 175
395 124
238 160
270 18
411 225
255 247
485 30
979 292
864 657
426 136
951 133
212 93
931 522
809 22
990 820
388 359
868 315
571 381
972 619
903 842
308 239
909 90
554 55
174 161
406 124
801 392
931 734
103 61
326 134
371 181
438 91
208 22
911 742
873 455
678 297
811 196
128 7
402 364
308 195
641 552
857 528
228 114
323 172
793 42
399 78
668 458
549 401
754 160
324 277
733 359
908 197
647 583
255 193
837 87
663 78
796 705
782 733
693 312
877 238
954 54
890 454
236 208
539 351
325 238
415 187
174 121
495 356
495 100
854 802
186 131
242 95
469 60
496 413
202 37
947 603
168 159
755 466
322 62
692 428
253 30
291 220
103 13
215 203
658 331
192 17
840 40
268 211
173 70
728 391
691 113
507 208
459 279
172 96
732 662
875 89
859 550
166 55
979 293
269 36
404 214
428 247
382 371
647 363
557 550
217 165
615 143
462 99
665 213
335 216
594 293
338 15
667 280
905 471
437 349
628 593
472 375
128 34
316 68
368 247
116 103
555 349
332 91
324 46
635 513
997 695
844 825
343 38
972 803
539 197
373 189
995 653
326 314
394 356
483 479
108 92
992 517
273 69
439 259
278 149
100 60
558 55
159 106
677 567
238 214
123 47
282 259
679 633
516 176
409 323
912 22
436 336
951 910
405 56
625 599
164 101
550 92
623 596
674 278
120 111
932 160
343 224
533 188
493 349
190 24
406 11
755 323
966 382
729 162
688 242
645 283
580 158
404 7
827 605
355 299
786 88
543 509
887 179
982 159
526 222
747 275
386 326
941 780
571 484
647 500
805 147
426 105
180 129
969 693
973 758
751 250
338 269
713 457
899 334
425 37
325 96
400 112
174 8
514 97
568 166
787 617
894 59
544 372
732 108
940 768
493 186
745 413
178 97
413 406
672 511
929 651
890 822
413 307
206 4
714 687
322 30
253 199
694 406
635 555
269 227
890 507
254 115
308 258
368 72
601 89
743 101
746 248
802 182
869 680
784 659
872 399
946 338
898 547
656 52
300 255
967 590
715 479
767 119
579 115
969 113
667 617
526 483
480 189
626 66
701 464
103 48
345 207
690 218
614 506
965 629
769 17
760 520
167 5
701 287
550 538
995 906
756 32
298 263
525 168
766 1
850 43
702 192
856 426
309 19
131 18
176 63
609 504
260 255
376 312
596 55
765 682
874 646
841 292
747 136
310 207
577 84
857 504
857 440
207 23
423 108
924 519
273 248
960 572
269 38
833 711
499 361
490 488
735 667
476 425
380 291
824 186
252 170
892 456
246 56
863 53
438 208
127 98
805 484
991 683
310 117
153 127
589 340
592 34
284 33
420 390
976 641
672 192
556 78
554 359
772 395
991 472
555 252
116 109
739 593
962 605
433 369
762 74
781 168
228 176
190 111
986 730
661 603
474 257
862 399
535 313
439 218
168 93
917 263
868 284
772 740
367 241
474 212
395 148
828 524
777 151
329 295
656 198
704 592
756 488
887 590
613 389
528 419
511 165
931 761
799 110
369 192
632 96
489 116
814 44
410 73
272 18
555 300
228 99
365 210
930 415
650 103
586 429
876 822
659 552
317 277
478 70
118 86
645 353
271 94
210 195
497 120
725 53
923 304
800 132
384 88
885 256
840 607
655 262
778 83
492 441
686 52
788 354
553 4
257 115
418 331
667 321
373 126
424 193
192 39
111 84
624 160
962 483
990 222
686 244
775 284
421 17
383 253
125 101
143 68
703 183
505 153
537 478
480 101
386 131
509 68
640 282
671 30
833 509
387 107
532 182
198 123
786 597
127 41
841 200
501 449
157 133
194 188
896 798
166 82
872 30
340 330
442 397
811 573
149 65
889 405
247 231
304 180
476 16
250 2
463 246
921 901
969 284
740 657
236 200
568 508
171 162
762 432
927 119
601 52
256 253
541 363
367 101
200 154
908 844
692 407
552 498
477 143
571 494
434 38
507 372
619 472
544 155
122 89
762 727
846 586
702 231
469 382
747 433
808 433
910 414
547 421
640 297
491 266
684 457
925 368
711 646
383 157
526 48
333 178
470 399
526 234
532 416
340 119
274 39
512 303
483 152
103 70
908 669
208 131
594 218
261 125
268 156
690 446
410 390
133 81
392 252
641 293
211 188
157 101
587 337
521 60
348 280
890 172
161 112
386 60
684 341
423 83
982 20
260 8
383 47
130 125
848 384
532 494
788 562
807 425
955 457
354 306
963 635
480 461
597 154
365 240
795 355
974 248
768 22
408 355
992 70
328 123
686 492
489 239
902 515
603 522
474 197
302 188
549 225
875 714
220 149
507 418
296 139
658 125
772 279
481 473
839 778
139 35
493 54
790 132
330 44
244 77
649 596
868 267
620 371
718 531
757 738
126 33
890 195
530 313
122 77
912 509
352 246
867 5
332 53
744 257
799 98
306 142
208 169
918 754
154 56
320 275
227 17
690 185
501 444
296 201
355 79
212 107
150 25
305 268
941 481
681 314
652 339
922 46
536 291
781 78
278 122
802 657
681 151
877 504
993 393
325 283
559 417
145 7
325 277
849 283
139 13
613 426
274 222
357 204
226 105
770 496
586 280
274 219
594 201
945 216
213 10
174 11
219 87
280 155
243 162
947 418
907 756
875 828
344 304
889 528
509 402
919 843
196 106
510 134
229 14
701 494
373 317
347 224
566 78
687 122
334 277
320 90
358 262
388 306
531 159
726 193
318 102
976 207
154 3
674 483
785 67
645 302
954 789
926 277
704 212
697 693
624 125
358 109
279 9
387 346
258 202
614 228
626 480
728 643
908 398
403 307
256 3
247 26
987 401
295 188
261 237
148 136
239 191
434 289
919 36
802 499
560 526
556 178
708 418
314 102
421 231
316 74
810 421
631 108
845 486
137 9
115 61
825 113
945 415
610 444
344 271
819 317
294 213
892 543
751 699
876 234
504 427
319 11
324 239
930 612
933 351
414 6
653 525
742 322
829 522
553 81
812 39
604 340
424 122
874 610
674 81
611 215
367 163
563 105
685 457
655 468
546 270
215 171
812 352
289 74
165 72
548 474
750 261
223 166
862 424
814 745
405 103
281 259
379 140
686 410
946 309
522 14
486 44
271 263
570 334
168 67
796 375
534 161
544 80
679 367
151 18
822 634
190 164
713 467
899 752
184 138
757 263
904 778
650 590
196 149
464 23
127 70
438 123
130 86
539 102
898 498
135 19
921 291
497 56
577 302
168 98
134 128
582 570
724 84
665 254
176 16
842 21
694 408
142 44
874 570
111 46
493 247
722 508
792 345
673 92
645 229
576 74
801 708
818 525
101 25
375 204
106 3
838 344
230 138
179 137
408 277
763 640
888 425
593 223
750 106
398 39
838 128
610 522
611 259
540 9
966 551
436 253
475 336
168 145
449 111
202 45
477 235
712 228
870 683
479 209
468 343
365 350
485 307
829 474
559 529
837 134
983 659
726 680
981 173
945 625
302 237
239 112
998 855
132 34
698 629
832 416
431 336
843 813
679 487
100 62
276 146
478 226
363 85
280 91
226 98
368 16
980 891
224 126
140 116
349 92
471 110
276 82
393 31
718 680
244 234
156 145
953 743
279 236
585 91
636 484
228 53
667 128
697 454
109 46
883 530
821 419
102 95
337 191
464 369
550 495
527 101
345 156
318 290
219 86
738 675
211 155
691 144
347 180
110 12
941 767
684 173
850 699
750 198
661 94
289 62
723 299
417 360
964 407
660 418
549 195
767 434
476 40
929 414
640 362
806 542
930 331
512 432
488 101
998 18
365 343
657 11
557 163
918 460
958 14
816 164
514 268
583 140
203 84
708 419
777 233
772 758
904 319
696 361
790 139
376 66
955 517
655 43
944 717
171 162
110 47
208 52
947 322
373 224
894 493
866 685
875 504
464 105
122 43
244 121
365 283
114 85
649 366
746 645
610 586
732 615
151 147
968 870
602 340
166 27
697 480
794 690
329 264
143 2
173 170
