1000
378 224
566 51
988 242
676 351
547 347
901 809
581 247
609 553
725 466
823 721
857 592
946 178
811 370
630 457
816 648
518 461
401 298
832 412
238 208
350 325
278 25
967 647
176 41
687 67
857 392
276 19
828 108
736 97
403 252
267 143
290 86
664 144
199 71
503 245
880 518
988 592
353 68
288 124
831 647
930 716
173 38
148 41
433 140
449 66
609 335
344 252
250 156
193 140
817 74
804 359
571 396
411 348
927 78
384 327
600 104
710 136
681 110
675 170
481 237
936 567
262 86
168 121
818 133
693 422
144 1
464 311
824 310
956 763
379 168
292 17
373 317
880 750
852 273
633 276
560 440
342 253
712 680
383 366
495 59
733 44
240 170
206 27
239 65
598 73
400 345
139 44
910 700
298 54
555 366
839 438
928 858
760 56
563 203
718 404
155 10
102 14
838 791
679 461
589 439
592 342
714 229
487 53
802 229
302 226
911 96
295 285
333 317
430 95
691 350
689 22
789 710
670 167
833 53
536 390
659 349
966 881
623 396
343 76
807 630
561 531
618 507
869 74
309 167
756 244
257 215
160 32
156 72
971 156
494 460
643 336
826 784
252 93
480 62
922 159
154 45
478 138
563 530
104 76
646 404
679 55
746 693
284 200
977 738
769 411
864 33
535 6
959 700
989 765
407 401
286 256
873 750
957 653
767 700
824 144
240 42
844 356
842 689
857 226
137 67
315 218
443 108
820 278
960 421
181 174
504 493
126 20
633 91
548 89
650 276
366 250
787 735
577 23
724 112
608 230
304 178
897 665
279 273
873 432
618 412
425 136
733 26
722 717
992 271
504 55
607 395
208 33
424 167
381 281
909 3
535 480
321 303
544 191
925 793
717 185
248 229
399 292
305 133
649 430
212 67
190 72
771 302
848 722
124 17
551 30
782 349
846 390
317 136
514 148
820 791
386 121
346 339
363 57
870 102
917 745
418 138
591 453
906 771
329 14
247 71
277 148
409 359
404 79
280 137
621 344
465 9
510 462
791 415
197 192
497 384
138 109
539 312
725 391
903 710
513 279
838 181
113 23
633 398
368 46
220 110
893 705
680 234
985 536
445 223
921 473
345 288
925 769
157 131
870 777
780 178
861 596
962 950
202 90
753 117
487 7
456 407
924 870
614 560
319 178
395 73
514 137
871 99
750 450
375 195
433 359
233 135
961 322
974 2
151 99
994 436
751 205
485 377
659 225
331 112
758 392
564 11
710 605
706 7
690 445
101 9
509 468
346 35
122 13
463 203
318 61
126 119
636 614
670 487
434 17
778 371
450 167
580 134
427 262
923 130
655 227
607 221
324 49
919 18
509 421
743 524
531 266
751 598
557 48
739 198
498 18
536 98
555 216
928 738
170 112
623 2
134 22
745 210
162 98
515 404
461 290
560 105
134 110
115 103
239 11
971 112
349 311
204 175
830 515
831 14
927 243
791 357
473 283
486 38
719 447
819 105
936 149
875 85
366 34
839 212
897 459
854 423
200 154
489 95
866 373
980 13
439 386
800 693
259 4
398 244
579 423
968 678
294 216
751 423
593 187
110 37
919 753
253 69
783 744
185 20
536 462
540 381
617 538
957 35
338 301
311 95
377 189
236 208
565 34
904 864
206 115
280 165
944 776
119 47
690 182
396 233
294 126
878 279
648 586
682 213
329 65
457 354
651 557
658 112
615 593
363 146
369 281
103 52
552 157
678 109
440 327
950 20
258 86
988 421
628 273
956 906
724 165
334 108
953 288
238 42
820 366
716 75
537 392
586 13
647 92
569 294
454 406
752 63
579 468
746 251
208 114
261 43
276 245
367 48
830 173
954 359
525 295
108 13
476 71
576 67
366 261
460 288
578 245
938 355
188 118
301 228
287 116
900 644
405 298
258 46
613 304
740 98
390 91
737 242
821 548
643 373
719 171
187 163
194 90
539 491
226 208
716 304
775 270
928 394
392 160
883 832
843 565
249 99
729 166
390 271
547 9
946 237
280 112
763 746
536 253
627 388
458 77
405 378
501 30
242 219
738 338
733 434
368 307
731 232
673 572
350 230
751 593
800 254
160 34
238 50
320 183
291 274
686 84
228 66
849 770
435 71
991 341
878 770
671 172
221 189
344 6
940 762
552 245
580 271
380 372
997 664
782 439
312 100
979 525
378 299
674 653
605 294
727 485
867 490
667 120
992 692
498 404
732 115
796 737
364 4
456 230
370 257
616 163
202 86
159 126
130 16
153 38
801 142
535 307
258 122
295 286
399 230
794 427
431 376
281 53
738 277
364 5
305 57
583 157
681 110
658 202
524 424
942 89
992 596
976 577
762 457
893 209
814 631
600 280
524 366
289 128
972 185
470 247
349 33
600 545
872 715
370 169
491 62
971 98
937 566
581 215
626 227
887 779
893 562
768 486
130 9
332 196
869 711
211 94
192 83
161 73
276 195
360 231
883 72
262 242
347 127
987 690
131 43
660 641
598 521
310 261
899 218
158 19
115 73
605 589
892 272
437 194
854 85
877 612
902 769
393 238
556 197
418 326
600 487
133 129
475 450
887 522
741 17
265 9
563 409
409 355
738 480
886 757
782 123
120 76
161 100
812 53
526 374
429 91
394 40
556 288
983 827
304 242
613 108
256 61
821 132
795 394
818 519
911 776
591 368
563 546
666 354
306 151
229 3
867 445
838 104
660 77
392 350
387 308
990 78
312 68
256 186
229 32
999 507
400 18
143 33
994 130
271 209
591 187
557 155
390 21
797 331
962 339
287 230
770 621
991 369
981 818
312 304
961 4
694 537
786 772
971 458
790 780
323 128
342 261
978 798
300 48
766 588
144 2
500 260
296 97
702 586
443 320
541 124
377 30
558 39
930 657
895 269
550 388
874 720
290 170
326 210
994 9
440 12
106 41
719 24
260 244
233 180
489 215
469 59
735 229
792 449
662 159
857 604
810 491
726 607
658 237
308 251
360 113
769 191
273 66
545 486
138 136
960 852
250 21
425 309
900 161
442 216
962 701
669 320
432 146
877 257
858 608
330 80
914 310
366 277
856 124
526 123
857 107
167 61
839 353
476 63
373 11
719 43
110 74
428 61
567 407
416 391
242 201
832 441
217 36
437 290
662 74
539 331
562 233
300 172
224 69
887 746
803 428
792 154
744 480
686 390
819 259
558 78
508 313
375 279
827 359
635 403
661 439
299 254
489 214
505 147
294 111
908 499
533 111
424 389
942 887
654 526
926 222
721 215
967 753
759 276
385 375
784 725
352 159
900 647
469 22
198 171
628 234
578 261
667 137
268 42
931 705
574 56
578 186
347 26
849 150
885 49
857 482
134 117
760 330
400 88
115 90
326 28
667 540
331 71
973 65
690 218
209 196
129 18
936 200
944 767
689 110
592 336
578 562
479 452
677 263
221 148
113 48
130 65
215 69
100 60
702 257
898 805
331 182
152 86
553 356
539 352
861 60
651 180
215 120
972 9
472 127
675 326
377 333
957 794
698 459
994 468
625 221
459 43
810 760
959 334
295 124
842 748
407 300
809 748
881 334
666 279
154 10
930 562
285 247
935 855
235 108
405 134
442 202
759 589
537 151
367 221
835 144
483 452
998 843
526 374
748 292
915 784
726 652
957 340
817 600
294 173
624 414
797 537
395 295
379 132
707 678
231 143
318 315
219 121
563 557
548 398
944 741
153 43
397 13
704 608
310 42
264 14
559 493
275 5
749 15
853 550
725 188
386 294
984 477
209 119
736 682
985 940
264 235
690 671
376 29
654 426
276 176
586 194
329 290
236 156
661 637
555 43
363 33
644 365
634 135
456 339
430 25
291 101
277 5
744 516
179 131
298 274
409 246
269 263
507 91
713 596
374 107
358 185
697 107
120 76
124 96
919 269
640 435
930 319
289 56
380 28
390 287
772 132
652 101
847 712
986 301
980 579
341 221
779 680
212 205
945 915
567 144
497 403
155 2
499 43
579 125
801 794
282 234
742 259
549 137
625 223
845 145
655 316
630 552
555 190
299 266
536 511
796 199
640 246
359 298
744 338
174 131
844 837
753 492
309 281
191 178
637 405
411 164
633 482
848 192
652 375
677 644
779 38
240 130
992 614
775 236
143 106
116 6
132 125
226 95
351 96
473 202
242 108
955 781
314 31
249 42
225 199
485 128
152 125
112 38
917 711
419 239
279 3
680 435
361 27
844 713
248 225
829 33
970 333
772 546
162 60
572 332
118 62
768 307
203 173
982 658
144 69
804 257
718 636
815 190
749 521
889 317
348 159
789 391
204 28
282 115
942 833
738 410
178 77
828 333
937 772
987 750
284 26
890 825
844 443
418 172
705 49
939 153
877 689
504 243
762 130
749 117
945 37
767 710
397 224
688 618
987 508
654 470
436 175
184 169
821 734
195 55
868 720
740 455
184 42
466 227
477 403
638 616
966 707
127 122
932 68
691 665
210 145
266 189
303 134
933 479
110 54
548 90
267 162
822 672
