1000
3 1
3 2
3 3
4 1
4 2
4 3
4 4
5 1
5 2
5 3
5 4
5 5
6 1
6 2
6 3
6 4
6 5
6 6
7 1
7 2
7 3
7 4
7 5
7 6
7 7
8 1
8 2
8 3
8 4
8 5
8 6
8 7
8 8
9 1
9 2
9 3
9 4
9 5
9 6
9 7
9 8
9 9
10 1
10 2
10 3
10 4
10 5
10 6
10 7
10 8
10 9
10 10
11 1
11 2
11 3
11 4
11 5
11 6
11 7
11 8
11 9
11 10
11 11
12 1
12 2
12 3
12 4
12 5
12 6
12 7
12 8
12 9
12 10
12 11
12 12
13 1
13 2
13 3
13 4
13 5
13 6
13 7
13 8
13 9
13 10
13 11
13 12
13 13
14 1
14 2
14 3
14 4
14 5
14 6
14 7
14 8
14 9
14 10
14 11
14 12
14 13
14 14
15 1
15 2
15 3
15 4
15 5
15 6
15 7
15 8
15 9
15 10
15 11
15 12
15 13
15 14
15 15
16 1
16 2
16 3
16 4
16 5
16 6
16 7
16 8
16 9
16 10
16 11
16 12
16 13
16 14
16 15
16 16
17 1
17 2
17 3
17 4
17 5
17 6
17 7
17 8
17 9
17 10
17 11
17 12
17 13
17 14
17 15
17 16
17 17
18 1
18 2
18 3
18 4
18 5
18 6
18 7
18 8
18 9
18 10
18 11
18 12
18 13
18 14
18 15
18 16
18 17
18 18
19 1
19 2
19 3
19 4
19 5
19 6
19 7
19 8
19 9
19 10
19 11
19 12
19 13
19 14
19 15
19 16
19 17
19 18
19 19
20 1
20 2
20 3
20 4
20 5
20 6
20 7
20 8
20 9
20 10
20 11
20 12
20 13
20 14
20 15
20 16
20 17
20 18
20 19
20 20
156 79
435 49
116 54
472 204
365 178
579 110
435 242
225 196
966 686
586 210
612 319
219 142
544 12
880 303
513 430
202 190
202 174
729 441
942 143
228 128
743 184
577 69
925 730
559 491
945 433
699 627
787 332
593 468
246 120
933 855
919 635
924 655
927 87
930 710
218 164
782 214
854 784
805 598
204 78
934 7
901 504
605 480
444 177
281 36
382 303
664 471
418 130
610 391
720 472
153 51
949 238
713 458
955 11
596 304
309 285
178 38
433 87
989 592
405 162
859 119
518 244
584 209
495 216
370 277
515 223
263 220
635 169
690 294
624 53
755 742
864 759
990 349
290 26
333 101
656 146
254 155
353 148
697 642
882 164
349 67
172 107
792 784
172 162
477 415
703 407
522 417
233 42
907 587
226 120
923 43
868 514
387 182
436 348
752 743
771 312
853 464
700 667
621 263
504 275
457 358
452 434
189 51
872 28
462 392
859 261
232 111
624 477
561 77
289 149
151 69
324 91
578 9
874 647
144 44
580 115
847 583
519 219
815 534
434 318
507 361
203 19
571 423
273 234
415 160
466 64
522 224
210 206
640 378
655 330
703 187
808 602
489 219
512 282
747 352
181 138
655 468
354 13
826 118
952 55
320 85
317 160
273 201
454 405
152 16
260 112
633 17
299 201
141 3
212 183
931 462
423 415
924 899
355 258
116 10
756 718
508 89
102 25
184 157
743 54
453 26
140 78
311 95
265 125
862 361
445 437
994 830
118 91
529 342
462 259
427 317
231 89
865 517
178 146
461 445
659 365
681 507
692 486
817 154
887 336
155 145
143 141
923 522
300 201
154 105
645 5
739 225
846 786
689 644
395 301
653 431
461 163
617 566
710 178
400 55
323 97
517 285
939 745
942 710
670 207
144 27
947 291
406 329
749 283
250 231
810 96
775 40
843 395
823 681
927 908
316 137
486 281
988 110
771 216
295 108
418 106
583 375
321 204
526 353
229 106
774 583
519 382
531 301
934 335
454 337
103 48
838 470
241 188
191 133
622 409
180 44
255 17
842 124
971 791
391 68
226 55
109 73
602 426
228 13
143 25
962 427
827 55
114 62
869 665
189 13
348 233
190 6
444 130
403 182
290 175
340 28
773 258
153 110
175 37
562 283
850 535
685 541
742 94
187 24
671 598
232 130
292 138
371 305
168 77
831 591
802 208
713 519
788 525
325 240
592 211
667 367
612 525
498 18
264 261
611 272
958 410
664 268
228 29
389 288
663 99
258 85
197 86
416 228
299 52
556 373
923 468
984 301
455 84
560 492
176 69
583 38
623 570
857 580
121 26
564 503
180 111
309 298
986 568
879 471
972 744
497 74
900 536
877 297
860 191
760 108
809 787
341 265
735 171
348 88
215 41
145 24
682 400
374 93
722 651
957 263
618 293
158 11
967 148
348 193
133 22
808 592
398 93
561 475
631 247
609 279
591 516
235 166
202 111
618 152
971 734
763 755
566 100
688 220
194 147
929 898
758 408
912 249
734 547
659 283
232 211
959 252
986 683
855 467
362 333
499 41
676 139
889 750
994 986
726 674
764 208
630 120
588 247
501 159
507 376
729 290
932 7
590 518
228 167
589 558
437 269
586 366
598 247
264 118
344 108
569 441
260 190
252 65
442 143
159 152
345 111
704 42
490 109
699 610
844 762
677 195
829 538
379 263
109 54
368 145
785 151
971 31
234 22
557 440
813 325
208 150
314 175
778 231
333 144
192 166
645 635
691 392
243 48
378 137
710 683
703 696
780 363
726 51
891 630
525 313
946 409
818 50
210 119
215 50
971 316
559 109
953 36
428 346
876 806
403 156
566 415
618 524
588 579
343 63
924 883
795 129
249 207
565 528
462 306
795 402
864 779
806 136
533 180
291 168
299 182
461 288
481 26
964 370
473 321
860 837
241 185
606 398
926 638
279 123
585 164
204 134
912 248
235 79
138 4
272 251
469 332
317 296
588 329
730 122
165 71
480 372
550 198
935 510
421 222
136 5
329 64
600 403
598 480
740 272
814 209
864 715
972 908
922 479
156 33
864 379
726 332
395 119
824 29
691 480
919 356
848 43
989 841
840 157
476 231
387 51
381 209
705 255
630 255
373 124
101 99
382 120
467 146
851 755
714 382
767 730
103 87
373 180
607 522
877 567
737 241
125 64
730 50
338 301
378 162
495 89
131 121
971 455
894 638
750 462
823 72
738 250
713 653
908 267
609 306
794 62
930 177
142 101
237 206
461 27
117 26
970 767
232 42
934 780
795 336
946 329
445 349
772 691
921 689
649 564
728 227
118 61
974 943
436 124
729 460
673 206
989 283
449 408
181 61
414 58
198 181
664 629
194 27
435 47
913 907
981 810
681 449
301 143
684 198
850 62
636 241
686 565
578 276
789 422
522 177
535 410
490 217
949 937
609 72
707 516
971 868
414 350
613 361
244 63
902 720
571 36
249 57
315 293
839 743
221 30
647 571
496 298
417 43
872 238
593 542
446 245
259 157
282 135
324 202
997 555
930 196
560 228
122 56
855 85
973 592
124 79
283 204
361 85
604 567
402 168
938 548
718 438
758 447
685 56
661 258
128 36
144 66
380 15
231 90
525 228
953 273
472 221
519 413
801 587
162 20
725 302
508 39
646 634
937 303
126 41
977 658
664 207
647 37
911 315
437 309
719 62
689 401
961 831
565 495
684 623
471 328
526 453
935 388
416 90
423 399
998 306
907 243
656 28
662 265
306 45
551 504
853 80
748 256
638 557
501 68
974 182
590 65
743 474
495 263
207 179
174 52
205 22
136 49
759 417
130 85
331 142
670 582
159 143
946 124
112 79
527 200
564 258
208 169
229 165
872 511
636 393
324 1
350 10
681 512
805 465
965 393
991 248
117 74
612 556
823 383
950 323
775 764
886 93
416 189
661 501
364 277
483 434
750 617
692 215
125 29
573 296
108 11
433 384
955 209
775 628
693 631
462 132
194 59
304 30
980 630
472 58
348 133
447 265
137 115
964 926
456 87
605 477
282 84
445 402
191 182
434 136
589 76
422 270
100 12
220 10
733 643
870 552
735 87
317 17
593 68
649 591
582 309
746 599
233 15
328 154
144 35
847 367
308 10
453 48
694 110
783 95
900 730
880 878
486 366
953 387
119 49
384 159
446 250
997 480
251 195
311 290
163 79
894 26
729 70
928 313
306 239
188 116
193 23
380 322
989 901
478 344
505 424
753 433
100 70
290 245
888 64
653 424
757 434
861 768
374 216
620 45
673 640
594 145
442 81
884 383
325 306
139 12
489 1
676 177
854 414
946 890
979 571
188 38
187 157
573 415
761 120
492 233
589 137
775 438
314 213
515 366
916 805
673 633
840 346
609 564
550 335
146 18
873 809
317 286
428 235
822 753
854 452
287 56
474 317
534 248
722 183
885 879
823 531
467 274
242 132
398 97
266 86
179 157
285 9
698 502
420 241
512 312
396 49
133 16
216 59
208 204
740 502
242 192
490 136
860 33
955 507
907 208
813 749
823 62
863 270
564 493
255 13
234 177
540 364
304 133
931 605
