1000
948 631
973 179
270 129
259 24
531 288
272 240
187 48
916 534
589 176
127 59
346 61
865 761
879 81
773 603
683 186
811 708
765 206
520 490
432 198
978 442
151 8
565 99
551 220
582 76
233 104
793 292
690 448
854 371
281 182
554 226
205 53
582 544
252 92
591 441
734 23
738 407
258 219
981 489
898 384
247 222
286 154
260 218
288 119
944 632
977 811
141 125
546 306
741 264
120 12
255 142
141 38
873 372
353 258
869 820
147 16
976 442
274 271
144 88
540 8
937 800
325 94
586 207
634 535
850 815
152 98
734 401
870 838
759 346
965 610
252 170
466 440
278 124
370 35
955 204
425 309
401 295
814 12
735 536
422 200
370 58
293 282
408 44
847 828
770 198
824 169
500 338
294 144
338 223
102 69
714 162
185 175
194 178
425 178
591 60
227 214
337 283
907 288
550 120
987 186
471 326
128 59
830 20
617 427
439 209
715 514
410 341
190 186
997 571
581 529
243 103
642 171
474 298
291 132
982 283
769 257
482 463
519 288
397 99
170 110
682 579
589 111
741 136
453 260
501 122
280 171
179 133
361 229
144 27
401 323
900 691
732 563
172 146
664 374
726 128
715 453
226 207
544 304
460 373
903 882
388 108
782 387
660 654
648 136
880 750
854 65
972 780
550 178
509 500
706 605
325 185
201 46
198 29
227 10
974 50
980 17
693 154
174 51
717 708
337 9
452 177
305 170
626 38
864 162
574 230
102 77
856 165
931 709
526 286
663 629
990 959
929 297
846 404
640 415
973 341
668 588
922 367
748 106
813 745
349 24
846 726
900 525
646 623
771 348
533 255
913 737
219 44
775 483
120 9
535 106
377 351
341 100
366 278
992 281
267 259
450 344
891 40
329 130
752 496
625 166
382 217
902 84
138 33
176 33
346 238
264 83
266 246
619 537
349 337
628 395
139 14
436 267
394 274
446 284
100 51
879 678
295 124
844 87
739 510
247 143
392 262
334 201
471 148
199 58
135 115
459 13
467 394
909 855
493 137
547 92
200 133
407 118
333 42
631 616
938 334
673 409
758 290
732 440
580 147
367 108
373 322
901 90
863 681
670 217
722 461
307 16
986 829
997 262
728 265
863 470
489 247
970 403
504 435
498 208
937 96
234 172
847 197
874 172
272 214
830 591
542 491
251 168
632 304
309 82
796 161
640 453
124 103
906 472
515 187
171 160
282 12
720 345
450 54
250 204
934 106
362 287
348 322
176 45
585 264
849 189
895 447
355 64
154 129
381 50
156 82
777 318
207 60
491 187
142 11
705 58
244 184
503 77
522 72
861 332
322 76
953 943
661 70
510 431
571 123
952 513
227 223
544 368
805 396
342 327
759 673
344 322
917 266
763 126
302 139
150 67
427 28
579 303
695 497
249 147
411 199
984 887
295 293
904 775
128 54
521 23
913 321
529 117
483 357
323 261
796 140
756 662
839 3
119 37
547 161
551 224
705 679
352 99
982 220
327 296
459 134
216 212
382 284
874 603
840 709
187 82
340 188
264 33
432 294
968 52
597 334
301 89
939 892
859 341
752 333
406 6
806 18
858 399
747 96
674 183
317 43
313 172
881 74
951 445
301 273
451 217
424 349
256 1
520 109
609 184
634 96
707 423
656 575
607 406
113 55
310 279
729 676
180 121
424 265
493 239
259 153
526 479
614 366
293 196
995 754
697 237
556 195
212 53
432 288
491 389
743 203
524 233
731 340
748 423
540 481
218 206
673 263
451 341
202 48
304 165
408 62
491 286
622 499
270 227
133 48
145 51
935 260
176 17
147 96
331 183
857 671
987 381
896 207
813 726
276 216
485 468
218 86
672 151
559 22
828 148
487 215
346 179
396 57
925 355
368 136
660 354
288 1
862 346
938 77
116 32
554 202
153 128
574 150
562 180
340 121
715 375
354 204
874 253
790 144
967 12
347 63
686 380
322 121
851 452
553 122
394 138
979 568
272 105
184 32
485 147
606 110
322 295
434 236
152 97
255 191
466 118
612 447
585 441
686 303
689 110
511 187
436 82
396 121
663 631
155 91
796 40
519 370
110 85
290 15
818 742
913 865
113 47
793 528
560 176
683 15
367 351
503 336
121 119
433 313
890 638
432 178
920 850
746 658
456 154
953 139
950 593
583 338
628 295
443 63
965 668
228 6
361 249
599 103
467 309
685 557
385 225
513 399
223 18
429 336
123 81
247 44
744 74
609 50
555 54
816 421
171 89
555 500
636 396
657 571
369 172
197 76
317 234
453 423
286 117
264 132
749 166
862 60
428 345
825 307
330 216
413 218
442 197
342 225
754 670
809 557
206 149
530 181
224 20
592 176
334 329
751 153
836 13
692 634
424 246
212 22
964 857
230 139
291 275
275 199
670 585
387 337
631 330
833 294
603 203
645 304
733 431
792 754
983 767
418 321
747 339
714 149
754 12
565 319
376 315
758 558
864 108
829 331
966 137
932 365
237 127
696 189
666 247
941 745
692 184
539 472
782 625
995 127
794 348
999 469
256 112
229 225
793 79
410 373
639 445
632 165
593 432
887 27
441 140
831 619
337 320
737 510
374 49
981 383
495 198
789 3
967 325
780 691
750 141
600 162
652 47
675 358
643 46
429 239
225 117
173 23
877 860
750 612
748 716
776 36
975 705
331 267
969 320
635 117
778 567
492 481
853 556
687 343
936 737
788 142
787 540
636 573
452 381
545 315
571 206
994 44
102 74
683 230
820 381
794 81
509 158
785 32
515 434
618 310
957 546
611 57
629 100
801 48
226 75
978 963
519 94
549 462
807 495
907 148
569 420
438 289
914 863
648 3
530 50
149 122
425 125
881 306
819 316
640 483
696 462
812 42
154 148
917 813
361 259
206 154
928 610
214 112
743 267
910 486
751 17
450 59
371 172
605 96
244 39
734 201
710 576
772 379
837 528
222 138
411 126
395 293
475 329
981 394
245 200
758 8
184 149
131 81
603 37
348 139
368 249
105 98
986 158
766 459
586 168
347 259
165 148
422 149
282 6
123 12
571 131
642 75
240 93
476 19
849 483
155 88
683 107
860 391
525 468
412 161
212 146
288 169
161 19
516 476
814 230
432 370
443 376
616 478
102 37
998 112
895 410
515 286
258 108
550 249
228 32
219 201
468 220
205 77
825 437
348 145
225 138
254 50
719 592
941 751
764 703
908 589
287 228
107 54
782 29
656 88
964 907
594 52
763 210
335 296
651 197
277 114
213 99
994 54
482 57
203 177
949 294
585 528
552 92
656 552
740 188
510 46
299 284
970 768
248 98
906 537
113 75
533 448
280 238
274 133
642 233
592 97
598 257
635 575
988 600
921 180
697 622
964 800
440 176
641 582
113 51
327 257
105 79
431 69
702 50
340 124
363 49
795 392
109 82
617 225
958 488
986 317
756 427
667 647
769 51
253 219
509 17
533 64
223 105
656 56
317 92
212 90
145 43
382 366
234 140
259 168
375 321
330 164
230 175
429 82
900 573
606 299
847 280
245 206
654 605
183 77
243 187
508 380
549 28
689 219
649 576
552 32
411 237
913 807
567 317
822 429
547 117
587 248
133 98
974 494
125 12
495 313
397 380
157 107
709 624
542 99
128 122
514 139
375 216
989 872
598 231
498 463
314 76
808 636
216 65
589 215
484 54
705 621
470 54
633 195
964 742
668 577
728 128
713 661
275 271
350 62
461 324
984 403
508 347
761 642
488 184
367 49
118 52
412 44
855 742
570 435
324 26
307 217
921 441
481 209
358 222
299 91
668 355
781 700
442 354
810 81
625 416
892 401
199 35
778 104
344 27
851 846
792 409
648 27
224 5
492 389
901 447
436 254
146 53
371 58
901 718
939 748
920 68
461 198
386 287
750 160
205 86
508 111
542 410
902 746
341 155
240 187
754 716
220 136
578 86
910 235
331 247
605 126
396 124
168 63
921 205
274 94
144 101
992 141
323 72
831 723
451 336
783 725
446 247
767 261
917 600
113 106
874 732
238 79
319 198
916 42
875 618
474 103
194 53
399 373
955 462
701 495
821 293
433 280
436 259
532 436
344 19
864 732
813 307
516 229
577 101
809 719
627 354
672 412
123 15
510 110
547 360
194 165
446 185
750 610
579 220
351 64
374 13
320 223
887 355
255 209
388 69
786 468
394 103
670 223
742 80
424 305
829 249
826 546
734 84
874 512
794 711
379 369
768 112
343 338
117 76
941 826
648 77
394 152
608 530
376 168
361 356
721 642
266 46
606 84
704 674
999 568
564 183
132 29
487 202
389 317
325 217
552 133
390 221
429 184
198 195
191 87
924 10
448 416
450 55
250 125
615 168
565 190
756 747
124 20
725 671
952 447
834 130
337 124
162 23
425 266
720 371
819 794
840 459
519 147
461 247
923 656
467 10
774 435
119 80
505 318
314 277
705 609
996 525
367 216
816 693
516 245
139 104
422 166
136 20
232 222
264 131
183 86
654 59
796 159
