23
6
3 5 3 0 0 0
7
4 5 5 5 6 2 3
16
7 8 9 12 5 0 11 3 6 13 1 2 10 14 15 4
6
1 4 0 0 5 3
15
4 0 6 14 3 13 14 12 9 12 1 8 4 7 0
12
10 4 1 11 2 0 0 9 5 11 1 3
6
1 2 3 4 5 2
4
2 2 1 0
14
13 9 4 11 13 0 1 0 3 7 0 6 3 11
3
2 0 0
6
4 4 3 0 5 2
9
8 4 7 8 0 0 4 8 1
9
5 8 1 1 8 8 1 4 2
16
15 0 1 2 3 4 5 6 7 8 9 10 11 12 13 14
10
9 6 5 0 3 9 0 0 5 4
14
1 13 13 5 7 0 0 1 7 10 7 4 13 5
3
2 2 0
3
2 1 0
12
8 0 1 6 10 8 3 3 1 4 3 5
7
6 0 5 0 5 1 5
15
13 9 12 8 0 4 14 13 12 3 8 5 6 6 5
11
7 4 3 0 9 7 2 10 6 0 0
5
4 2 4 2 0
